2 2 2 0 2 5 2 0 2 2 2 2 2 2 2 2 2 2 2 2 2 2 2 2 2 2 2 2 2 2 2 2 
2 2 1 2 1 2 4 2 2 2 2 2 2 10 1 2 1 2 4 2 1 2 4 2 2 2 2 2 2 0 2 2 
1 1 1 1 1 1 1 1 1 1 1 1 5 1 1 1 5 1 1 1 1 1 1 1 1 1 1 1 5 1 1 2 
1 10 1 3 2 3 1 3 2 2 1 3 1 1 1 1 1 1 1 1 1 3 1 2 1 2 10 2 2 2 2 0 
12 0 0 2 2 2 1 9 2 2 2 9 2 1 1 1 1 1 1 9 2 2 2 2 2 2 2 2 2 2 2 2 
0 2 1 2 2 2 4 2 2 2 4 0 1 1 1 2 1 1 1 1 1 0 4 2 2 2 4 2 2 2 2 2 
0 2 0 10 5 2 2 6 7 9 2 0 5 2 2 2 2 2 2 2 2 2 2 6 7 0 0 0 5 0 0 0 
0 0 0 0 0 1 1 3 2 1 1 1 1 1 2 2 2 2 2 2 2 2 2 0 0 0 0 0 0 0 2 0 
0 0 0 2 2 2 2 2 2 9 1 1 2 2 2 2 2 2 10 2 2 9 2 0 2 9 2 2 2 2 2 2 
0 10 1 2 2 2 1 2 2 1 1 1 1 2 2 1 2 10 1 2 2 2 2 0 0 2 1 2 2 2 2 2 
0 0 0 0 5 9 2 0 5 5 2 2 5 2 2 8 5 2 2 2 2 5 0 0 5 0 2 5 5 2 2 2 
2 0 2 3 2 3 2 3 0 0 0 2 2 2 2 2 6 2 2 2 2 0 0 0 0 0 2 1 2 2 2 0 
9 0 2 2 2 2 2 2 2 2 0 2 2 2 2 2 2 2 2 2 0 0 0 2 2 2 2 2 2 2 2 2 
0 2 2 2 2 0 0 0 2 0 0 0 0 0 0 0 0 0 0 2 2 2 2 2 2 0 2 2 2 2 2 2 
2 9 2 2 5 2 2 2 2 2 2 2 2 2 2 2 2 2 2 2 2 2 2 2 7 2 2 2 2 2 2 2 
2 2 2 2 2 2 2 2 2 2 2 2 2 2 2 2 2 2 2 2 2 2 2 2 2 2 2 2 2 2 2 2 
2 2 2 2 2 2 2 2 2 2 2 2 2 2 2 2 2 2 2 2 2 2 2 2 2 2 2 2 2 2 2 2 
2 2 2 2 2 2 2 2 2 2 2 2 2 2 2 2 2 2 2 2 2 2 2 2 2 2 2 2 2 2 2 2 
2 2 2 2 2 2 2 2 2 2 2 2 2 2 2 2 2 2 2 2 2 2 2 2 2 2 2 2 2 2 2 2 
2 2 2 2 2 2 2 2 2 2 2 2 2 2 2 2 2 2 2 2 2 2 2 2 2 2 2 2 2 2 2 2 
2 2 2 2 2 2 2 2 2 2 2 2 2 2 2 2 2 2 2 2 2 2 2 2 2 2 2 2 2 2 2 2 
2 2 1 2 2 2 2 2 2 2 2 2 2 2 2 2 2 2 2 2 2 2 2 2 2 2 2 2 2 2 2 2 
2 2 2 2 2 2 2 2 2 2 2 2 2 2 2 2 2 2 2 2 2 2 2 2 2 2 2 2 2 2 2 2 
2 2 2 2 2 2 2 2 2 2 2 2 2 2 2 2 2 2 2 2 2 2 2 2 2 2 2 2 2 2 2 2 
2 2 2 2 2 2 2 2 2 2 2 2 2 2 2 2 2 2 2 2 2 2 2 2 2 2 2 2 2 2 2 2 
2 2 2 2 2 2 2 2 2 2 2 2 2 2 2 2 2 2 2 2 2 2 2 2 2 2 2 2 2 2 2 2 
2 2 2 2 2 2 2 2 2 2 2 2 2 2 2 2 2 2 2 2 2 2 2 2 2 2 2 2 2 2 2 2 
2 2 2 2 2 2 2 2 2 2 2 2 2 2 2 2 2 2 2 2 2 2 2 2 2 2 2 2 2 2 2 2 
2 2 2 2 2 2 2 2 2 2 2 2 2 2 2 2 2 2 2 2 2 2 2 2 2 2 2 2 2 2 2 2 
2 2 2 2 2 2 2 2 2 2 2 2 2 2 2 2 2 2 2 2 2 2 2 2 2 2 2 2 2 2 2 2 
2 2 2 2 2 2 2 2 2 2 2 2 2 2 2 2 2 2 2 2 2 2 2 2 2 2 2 2 2 2 2 2 
2 2 2 2 2 2 2 2 2 2 2 2 2 2 2 2 2 2 2 2 2 2 2 2 2 2 2 2 2 2 2 2 
