2 0 2 2 2 5 2 2 2 2 2 2 2 2 2 2 2 2 2 2 2 2 2 2 2 2 2 2 2 2 2 2 
2 2 1 2 2 2 2 2 2 2 2 2 2 2 2 2 2 2 5 2 2 2 2 2 2 2 2 2 2 0 2 2 
1 1 1 1 1 1 1 1 1 1 1 1 1 1 1 1 1 1 1 1 2 1 1 1 1 1 1 1 2 2 2 2 
1 2 5 1 11 2 2 1 11 2 2 1 1 1 1 1 1 1 1 1 2 2 2 2 11 2 2 2 11 2 2 0 
0 1 0 2 1 2 1 2 8 2 1 2 1 1 1 1 1 1 1 1 5 2 2 2 2 2 2 2 2 2 2 2 
0 2 1 2 2 2 1 10 2 2 1 10 1 1 1 1 1 1 1 1 1 2 2 2 2 2 0 2 2 2 8 2 
0 2 0 2 2 2 2 4 2 2 2 2 2 1 2 1 2 2 2 2 2 2 2 2 2 0 8 0 2 1 0 10 
9 0 0 0 0 2 2 1 2 2 1 1 1 2 2 2 2 2 2 2 2 2 2 0 0 0 2 0 0 0 2 8 
9 2 2 2 0 2 2 2 1 1 1 1 1 2 2 2 2 10 10 2 2 2 2 0 0 0 2 2 2 2 2 2 
0 2 0 2 2 2 1 2 1 1 1 1 1 2 2 2 2 0 0 2 2 2 2 0 0 0 2 2 2 2 2 2 
0 0 0 0 0 2 0 0 2 5 2 2 2 2 2 2 2 2 2 2 2 0 0 0 0 0 2 2 2 2 2 2 
2 2 2 2 11 2 2 0 11 0 11 2 2 2 2 2 11 2 2 2 2 0 0 0 11 0 2 1 11 2 2 5 
9 0 0 2 5 2 0 0 0 2 0 2 5 2 2 2 2 2 2 0 0 0 0 0 0 2 2 2 5 2 2 2 
0 2 2 2 2 0 0 0 8 0 0 0 0 0 0 0 0 0 2 2 0 0 2 2 0 0 2 2 2 2 2 2 
2 2 2 2 2 2 2 2 2 2 2 2 2 6 2 2 2 2 2 2 2 2 2 2 2 2 2 2 2 2 2 2 
2 2 2 2 2 2 2 2 2 2 2 2 2 2 2 2 2 2 2 2 2 2 2 2 2 2 2 2 2 2 2 2 
2 2 2 11 5 2 2 2 2 2 2 2 2 2 2 2 2 2 2 2 2 2 2 2 2 2 2 2 2 2 2 2 
2 2 2 2 2 2 2 2 2 2 2 2 2 2 2 2 2 2 2 2 2 2 2 2 2 2 2 2 2 2 2 2 
2 2 2 2 2 2 2 2 2 2 2 2 2 2 2 2 2 2 2 2 2 2 2 2 2 2 2 2 2 2 2 2 
11 2 2 2 2 2 2 2 2 2 2 2 2 2 2 2 2 2 2 2 2 2 2 2 2 2 2 2 2 0 2 2 
2 2 2 2 8 2 2 2 2 2 2 2 2 2 2 2 2 2 2 2 2 2 2 2 2 2 2 10 2 2 2 2 
9 0 1 2 2 2 2 2 2 2 2 2 2 2 2 2 2 2 2 2 2 2 2 2 2 2 2 2 2 2 2 2 
2 2 2 2 2 2 2 2 2 2 2 2 2 2 2 2 2 2 2 2 2 2 2 2 2 2 2 2 2 2 2 2 
2 2 2 2 2 2 2 2 2 2 2 2 2 2 2 2 2 2 2 2 2 2 2 2 2 2 2 2 2 2 2 2 
2 2 2 2 2 2 2 2 2 2 2 2 2 2 2 2 2 2 2 2 2 2 2 2 2 2 2 2 2 2 2 2 
2 2 2 2 2 2 2 2 2 2 2 2 2 2 2 2 2 2 2 2 2 2 2 2 2 2 2 2 2 2 2 2 
2 2 2 2 2 2 2 2 2 2 2 2 2 2 2 2 2 2 2 2 2 2 2 2 2 2 2 2 2 2 2 2 
2 2 11 2 2 2 2 2 2 2 2 2 2 2 2 2 2 2 2 2 2 2 2 2 2 2 2 2 2 2 2 2 
2 2 2 2 2 2 2 2 2 2 2 2 2 2 2 2 2 2 2 2 2 2 2 2 2 2 2 2 2 2 2 2 
2 2 2 2 2 2 2 2 2 2 2 2 2 2 2 2 2 2 2 2 2 2 2 2 2 2 2 2 2 2 2 2 
2 2 2 2 2 2 2 2 2 2 2 2 2 2 2 2 2 2 2 2 2 2 2 2 2 2 2 2 2 2 2 2 
2 2 2 2 2 2 2 2 2 2 2 2 2 2 2 2 2 2 2 2 2 2 2 2 2 2 2 2 2 2 2 2 
