2 2 2 2 2 2 2 2 2 2 2 2 2 2 2 2 2 2 2 2 2 2 2 2 2 2 2 2 2 2 2 2 
2 2 2 2 2 2 2 2 2 2 2 2 2 2 2 2 2 2 2 2 2 2 2 2 2 2 2 2 2 2 2 2 
2 2 2 2 2 2 2 2 2 2 2 2 2 2 2 2 2 2 2 2 2 2 2 2 2 2 2 2 2 2 2 2 
2 2 2 2 2 2 2 9 2 2 2 2 2 2 2 2 2 2 2 2 2 2 2 9 2 2 2 2 2 2 2 2 
2 2 10 5 2 5 10 5 2 5 10 5 2 5 10 2 2 5 10 5 2 2 10 5 2 5 10 5 2 2 2 2 
2 2 2 2 11 2 2 2 5 10 2 2 2 2 10 2 2 2 2 2 5 10 2 2 2 2 2 2 5 2 2 2 
2 2 2 2 11 2 11 2 11 2 10 2 2 2 2 2 11 2 2 2 10 2 2 2 2 2 11 2 10 2 2 2 
2 2 2 2 2 10 2 2 2 12 2 2 2 2 2 10 2 2 2 2 2 2 2 2 2 2 2 2 2 2 2 2 
2 2 2 2 2 2 2 2 2 2 2 2 5 5 2 2 2 2 2 2 2 9 10 10 10 2 2 2 2 2 2 2 
2 2 2 2 11 2 11 2 11 2 11 0 6 7 11 2 5 2 5 2 11 2 2 2 11 2 11 2 11 2 2 2 
2 2 2 2 11 2 2 2 11 2 11 2 8 9 2 2 2 6 7 2 11 2 2 2 11 2 11 2 5 2 2 2 
2 2 2 2 2 12 2 2 2 9 2 2 8 9 2 9 2 8 9 2 2 2 2 2 2 9 2 6 7 2 2 2 
2 5 2 5 2 5 2 5 2 5 2 2 8 9 2 5 2 5 9 2 2 5 2 5 2 5 2 8 9 2 2 2 
0 0 0 0 11 0 6 2 11 0 6 2 11 2 0 0 2 2 11 0 11 0 0 0 0 0 11 1 11 2 11 2 
2 2 2 2 11 2 2 2 2 2 2 2 2 2 2 2 2 2 2 2 2 2 11 2 2 2 11 2 11 2 10 2 
2 2 2 2 2 2 2 2 2 2 2 2 2 2 2 2 2 2 2 2 2 2 2 2 2 2 2 2 2 2 2 2 
2 2 2 2 2 2 2 2 2 2 2 2 2 2 2 2 2 2 2 2 2 2 2 2 2 2 2 2 2 2 2 2 
2 2 2 2 2 2 2 2 2 2 2 2 2 2 2 2 2 2 2 2 2 2 2 2 2 2 2 2 2 2 2 2 
2 2 2 2 2 2 2 2 2 2 2 2 2 2 2 2 2 2 2 2 2 2 2 2 2 2 2 2 2 2 2 2 
2 2 2 2 2 2 2 2 2 2 2 2 2 2 2 2 2 2 2 2 2 2 2 2 2 2 2 2 2 2 2 2 
2 2 2 2 2 2 2 2 2 2 2 2 2 2 2 2 2 2 2 2 2 2 2 2 2 2 2 2 2 2 2 2 
2 2 2 2 2 2 2 2 2 2 2 2 2 2 2 2 2 2 2 2 2 2 2 2 2 2 2 2 2 2 2 2 
2 2 2 2 2 2 2 2 2 2 2 2 2 2 2 2 2 2 2 2 2 2 2 2 2 2 2 2 2 2 2 2 
2 2 2 2 2 2 2 2 2 2 2 2 2 2 2 2 2 2 2 2 2 2 2 2 2 2 2 2 2 2 2 2 
2 2 2 2 2 2 2 2 2 2 2 2 2 2 2 2 2 2 2 2 2 2 2 2 2 2 2 2 2 2 2 2 
2 2 2 2 2 2 2 2 2 2 2 2 2 2 2 2 2 2 2 2 2 2 2 2 2 2 2 2 2 2 2 2 
2 2 2 2 2 2 2 2 2 2 2 2 2 2 2 2 2 2 2 2 2 2 2 2 2 2 2 2 2 2 2 2 
2 2 2 2 2 2 2 2 2 2 2 2 2 2 2 2 2 2 2 2 2 2 2 2 2 2 2 2 2 2 2 2 
2 2 2 2 2 2 2 2 2 2 2 2 2 2 2 2 2 2 2 2 2 2 2 2 2 2 2 2 2 2 2 2 
2 2 2 2 2 2 2 2 2 2 2 2 2 2 2 2 2 2 2 2 2 2 2 2 2 2 2 2 2 2 2 2 
2 2 2 2 2 2 2 2 2 2 2 2 2 2 2 2 2 2 2 2 2 2 2 2 2 2 2 2 2 2 2 2 
2 2 2 2 2 2 2 2 2 2 2 2 2 2 2 2 2 2 2 2 2 2 2 2 2 2 2 2 2 2 2 2 
