8 0 1 2 2 2 2 2 2 2 2 2 2 2 2 2 2 2 2 2 2 2 2 2 2 2 2 2 2 2 2 2 
2 1 0 1 2 2 2 2 2 2 2 2 2 1 1 2 2 2 2 2 2 2 2 2 2 2 2 2 2 3 2 2 
1 1 0 1 1 1 1 1 1 1 1 1 1 1 1 1 1 1 1 1 1 1 1 1 1 1 1 1 1 5 2 2 
9 1 11 0 11 2 11 2 11 1 11 1 1 1 1 1 1 1 11 2 2 2 11 2 2 2 11 2 10 2 11 0 
9 1 1 2 2 2 12 2 2 2 1 1 1 1 1 1 1 1 1 2 2 2 12 2 2 2 2 0 0 0 0 0 
2 2 2 2 2 2 2 2 2 1 1 1 1 1 1 1 1 1 1 1 2 2 2 2 2 2 0 0 2 2 2 2 
1 0 2 0 0 0 2 2 2 2 1 1 1 2 2 2 2 2 2 2 2 2 2 2 2 2 0 0 2 2 1 2 
2 2 11 0 2 2 11 2 11 1 11 1 1 2 11 2 2 0 11 2 11 2 11 0 0 0 11 0 2 2 11 2 
9 0 0 0 1 1 1 1 1 1 1 10 10 2 10 2 2 2 12 2 2 2 12 0 0 0 12 2 2 2 2 2 
5 0 2 2 2 2 2 2 2 1 1 1 2 2 2 2 0 0 2 2 2 0 0 0 0 0 2 2 2 2 2 2 
0 0 0 10 5 2 2 2 2 1 1 1 2 2 2 2 2 2 2 2 2 0 0 0 0 0 2 2 2 2 2 2 
0 0 11 0 11 2 11 2 11 2 11 2 2 2 11 2 2 2 11 2 11 0 11 0 11 0 11 2 2 2 11 2 
9 0 12 2 2 2 12 2 5 2 2 2 2 2 2 2 2 2 12 0 0 0 0 0 0 2 12 2 2 2 12 2 
0 2 2 2 2 0 0 0 0 0 0 0 0 2 0 0 0 0 0 2 2 0 2 2 2 2 2 2 2 2 2 2 
2 2 12 2 2 2 2 2 2 2 2 2 2 2 2 2 2 2 2 2 2 2 2 2 2 2 2 2 2 2 2 2 
2 2 11 2 2 2 11 2 2 2 2 2 2 2 2 2 2 2 2 2 2 2 2 2 2 2 11 2 2 2 2 2 
2 2 12 2 2 2 2 2 2 2 2 2 2 2 2 2 2 2 2 2 2 2 2 2 2 2 2 2 2 2 2 2 
2 2 2 2 2 2 2 2 2 2 2 2 2 2 2 2 2 2 2 2 2 2 2 2 2 2 2 2 2 2 2 2 
2 2 2 2 2 2 2 2 2 2 2 2 2 2 2 2 2 2 2 2 2 2 2 2 2 2 2 2 2 2 2 2 
5 2 2 2 2 2 2 2 2 2 2 2 2 2 2 2 2 2 2 2 2 2 2 2 2 2 2 2 2 2 2 2 
2 2 2 2 2 2 2 2 2 2 2 2 2 2 2 2 2 2 2 2 2 2 2 2 2 2 2 2 2 2 2 2 
2 2 2 2 2 2 2 2 2 2 2 2 2 2 2 2 2 2 2 2 2 2 2 2 2 2 2 2 2 2 2 2 
2 2 2 2 2 2 2 2 2 2 2 2 2 2 2 2 2 2 2 2 2 2 2 2 2 2 2 2 2 2 2 2 
2 2 11 2 2 2 2 2 2 2 2 2 2 2 2 2 2 2 2 2 2 2 2 2 2 2 2 2 2 2 2 2 
2 2 2 2 2 2 2 2 2 2 2 2 2 2 2 2 2 2 2 2 2 2 2 2 2 2 2 2 2 2 2 2 
2 2 2 2 0 2 2 2 2 2 2 2 2 2 2 2 2 2 2 2 2 2 2 2 2 2 2 2 2 2 2 2 
2 2 2 2 2 2 2 2 2 2 2 2 2 2 2 2 2 2 2 2 2 2 2 2 2 2 2 2 2 2 2 2 
2 2 2 2 2 2 2 2 2 2 2 2 2 2 2 2 2 2 2 2 2 2 2 2 2 2 2 2 2 2 2 2 
2 2 2 2 2 2 2 2 2 2 2 2 2 2 2 2 2 2 2 2 2 2 2 2 2 2 2 2 2 2 2 2 
2 2 2 2 2 2 2 2 2 2 2 2 2 2 2 2 2 2 2 2 2 2 2 2 2 2 2 2 2 2 2 2 
2 2 2 2 2 2 2 2 2 2 2 2 2 2 2 2 2 2 2 2 2 2 2 2 2 2 2 2 2 2 2 2 
2 2 2 2 2 2 2 2 2 2 2 2 2 2 2 2 2 2 2 2 2 2 2 2 2 2 2 2 2 2 2 2 
