2 10 1 3 1 9 2 2 2 2 2 2 2 2 2 2 2 2 2 2 2 2 2 11 2 2 2 10 2 2 2 2 
1 1 0 1 2 2 2 2 2 2 1 2 2 1 1 2 2 2 1 2 2 10 2 2 2 0 2 2 0 0 2 2 
1 1 0 1 1 1 1 1 1 1 1 1 1 1 1 1 1 1 1 1 1 10 1 1 1 1 1 10 1 0 2 2 
9 1 1 2 1 2 2 2 1 10 2 1 1 1 1 1 1 1 2 2 1 10 2 2 1 10 2 10 1 0 2 0 
8 10 7 0 7 2 2 1 2 2 1 1 1 1 1 1 1 1 1 1 2 2 2 10 2 2 2 1 0 0 0 0 
2 2 1 0 2 2 1 2 2 2 1 1 1 2 1 1 1 0 1 1 2 2 2 2 2 2 0 0 9 2 2 2 
2 10 2 10 0 10 2 10 10 10 2 10 1 10 2 2 2 10 2 10 10 10 2 2 2 10 10 10 10 10 0 2 
2 2 2 0 2 2 2 2 5 2 1 1 2 2 2 2 2 0 0 2 2 2 2 0 0 0 2 0 2 2 2 2 
0 0 0 0 2 2 1 2 2 2 2 10 2 2 2 2 2 2 2 2 2 2 2 0 0 0 2 2 2 2 2 2 
0 0 0 2 2 2 2 4 2 0 1 1 2 2 2 2 0 0 0 2 2 0 0 0 0 0 2 2 2 2 2 2 
0 0 0 10 5 5 2 2 2 5 7 7 2 10 2 2 2 2 2 2 2 0 0 0 0 0 2 2 2 2 2 2 
0 0 2 0 2 2 2 2 2 2 2 2 2 2 2 2 2 2 2 2 2 0 0 0 0 0 2 2 2 2 2 2 
9 0 0 2 2 2 2 2 2 2 2 2 2 2 2 2 2 2 2 2 0 0 0 0 0 0 2 1 5 2 2 2 
0 2 2 2 2 0 0 0 0 2 0 0 0 2 0 0 0 0 0 2 2 0 0 0 0 2 2 2 2 2 2 2 
2 7 2 2 2 2 2 2 2 10 2 2 2 2 2 2 2 2 2 2 2 10 2 2 2 2 2 2 2 2 2 2 
2 2 2 2 2 2 2 2 2 2 2 2 2 2 2 2 2 2 2 2 2 2 2 2 2 2 2 2 2 2 2 2 
2 2 2 2 2 2 2 2 2 2 2 2 2 2 2 2 2 2 2 2 2 2 2 2 2 2 2 2 2 2 2 2 
2 2 2 2 2 2 2 2 2 2 2 2 2 2 2 2 2 2 2 2 2 2 2 2 2 2 2 2 2 2 2 0 
2 2 2 2 2 2 2 2 2 2 2 2 2 2 2 2 2 2 2 2 2 2 2 2 2 2 2 2 2 2 2 2 
5 2 2 2 2 2 2 2 2 2 2 2 2 2 2 2 2 2 2 2 2 2 2 2 2 2 2 2 2 2 2 2 
2 2 2 2 2 9 2 2 2 2 2 2 2 2 2 2 2 2 2 2 2 9 2 2 2 2 2 2 2 2 2 2 
2 2 2 2 2 2 2 2 2 2 2 2 2 2 2 2 2 2 2 2 2 2 2 2 2 2 2 2 2 2 2 2 
2 10 2 2 2 2 2 2 2 2 2 2 2 2 2 2 2 2 2 2 2 2 2 2 2 2 2 2 2 2 2 2 
2 2 2 2 2 2 2 2 2 2 2 2 2 2 2 2 2 2 2 2 2 2 2 2 2 2 2 2 2 2 2 2 
2 2 2 2 2 2 2 2 2 2 2 2 2 2 2 2 2 2 2 2 2 2 2 2 2 2 2 2 2 2 2 2 
2 2 2 2 2 2 2 2 2 2 2 2 2 2 2 2 2 2 2 2 2 2 2 2 2 2 2 2 2 2 2 2 
2 2 2 2 2 2 2 2 2 2 2 2 2 2 2 2 2 2 2 2 2 2 2 2 2 2 2 2 2 2 2 2 
2 2 2 2 1 2 8 2 1 2 0 2 1 2 2 2 1 2 0 2 1 2 0 2 1 2 0 2 1 2 2 2 
2 9 2 9 2 9 8 9 2 9 2 9 2 9 8 9 2 9 2 9 2 9 8 9 2 9 2 9 2 9 2 2 
2 2 2 2 2 2 2 2 2 2 2 2 2 2 2 2 2 2 2 2 2 2 2 2 2 2 2 2 2 2 2 2 
2 2 2 2 2 2 2 2 2 2 2 2 2 2 2 2 2 2 2 2 2 2 2 2 2 2 2 2 2 2 2 2 
2 2 2 2 2 2 2 2 2 2 2 2 2 2 2 2 2 2 2 2 2 2 2 2 2 2 2 2 2 2 2 2 
