2 2 2 0 2 5 2 2 2 2 2 2 2 2 2 2 2 2 2 2 2 2 2 2 2 2 2 2 2 2 2 2 
2 2 1 2 2 2 2 2 2 2 2 2 2 1 2 0 1 2 2 2 1 2 2 2 2 2 2 2 2 2 2 2 
1 1 1 1 1 1 1 1 1 1 1 1 5 1 1 1 5 1 12 1 1 1 1 1 1 1 1 1 1 1 1 2 
1 2 3 2 2 2 2 2 2 2 2 1 1 1 1 1 1 1 1 1 3 2 2 2 2 2 2 2 2 2 2 2 
12 1 0 2 2 2 1 2 2 1 1 1 1 1 1 1 1 1 1 1 2 2 2 2 2 2 12 2 2 2 2 2 
0 2 2 2 2 2 2 2 2 2 2 0 1 1 1 1 1 1 1 1 1 2 2 2 2 2 0 2 2 2 2 2 
0 2 0 2 2 2 2 2 2 2 2 2 5 1 2 2 1 2 2 2 2 2 2 2 2 0 2 0 2 2 0 2 
0 11 0 2 0 2 2 2 2 1 1 1 1 2 2 2 2 2 3 2 3 2 3 0 0 0 0 0 2 2 2 2 
0 0 0 2 2 5 12 2 2 1 10 10 10 2 2 5 2 5 10 2 2 2 2 0 0 0 12 2 2 2 2 2 
0 2 2 2 2 2 2 2 2 1 1 1 1 1 2 6 2 0 2 2 2 2 2 0 0 2 2 2 2 2 2 2 
0 0 0 2 2 2 2 2 2 5 2 2 2 2 2 2 2 2 2 2 2 0 0 0 0 0 2 2 2 2 2 2 
2 0 2 2 2 11 2 11 0 0 0 2 2 2 2 2 6 11 3 2 10 0 0 0 0 0 2 2 2 2 2 5 
0 0 12 2 2 0 0 0 0 0 12 2 2 2 2 2 2 2 12 0 0 0 12 0 0 0 2 2 2 2 2 2 
0 2 2 2 2 0 2 0 2 0 2 0 0 0 0 0 0 0 0 2 2 2 2 2 0 0 2 2 2 2 2 2 
2 2 2 2 2 2 2 2 2 2 2 2 2 2 2 2 2 2 2 2 2 2 2 2 2 2 2 2 2 2 2 2 
2 2 2 2 2 2 2 2 2 2 2 2 2 2 2 2 2 2 2 2 2 2 2 2 2 2 2 2 2 2 2 2 
2 2 2 2 2 2 2 2 2 2 2 2 2 2 2 2 2 2 2 2 2 2 2 2 2 2 2 2 2 2 2 2 
2 2 2 2 2 2 2 2 2 2 2 2 2 2 2 2 2 2 2 2 2 2 2 2 2 2 2 2 2 2 2 2 
2 2 2 2 2 2 2 2 2 2 2 2 2 2 2 2 2 2 2 2 2 2 2 2 2 2 2 2 2 2 2 2 
2 2 2 2 2 2 2 2 2 2 2 2 2 2 2 2 2 2 2 2 2 2 2 2 2 2 2 2 2 2 2 2 
2 2 2 2 2 2 2 2 2 2 2 2 2 2 2 2 2 2 2 2 2 2 2 2 2 2 2 2 2 2 2 2 
2 2 2 2 2 2 2 2 2 2 2 2 2 2 2 2 2 2 2 2 2 2 2 2 2 2 2 2 2 2 2 2 
2 2 2 2 2 2 2 2 2 2 2 2 2 2 2 2 2 2 2 2 2 2 2 2 2 2 2 2 2 2 2 2 
2 2 2 2 2 2 2 2 2 2 2 2 2 2 2 2 2 2 2 2 2 2 2 2 2 2 2 2 2 2 2 2 
2 2 2 2 2 2 2 2 2 2 2 2 2 2 2 2 2 2 2 2 2 2 2 2 2 2 2 2 2 2 2 2 
2 2 2 2 2 2 2 2 2 2 2 2 2 2 2 2 2 2 2 2 2 2 2 2 2 1 1 2 2 2 2 2 
2 2 2 2 2 2 2 2 2 2 2 2 2 2 2 2 2 2 2 2 2 2 2 2 2 2 2 2 2 2 2 2 
2 2 2 2 2 2 2 2 2 2 2 2 2 2 2 2 2 2 2 2 2 2 2 2 2 2 2 2 2 2 2 2 
2 2 2 2 0 2 2 2 2 2 2 2 2 2 2 2 2 2 2 2 2 2 2 2 2 2 2 2 2 2 2 2 
2 2 2 2 2 2 2 2 2 2 2 2 2 2 2 2 2 2 2 2 2 2 2 2 2 2 2 2 2 2 2 2 
2 2 2 2 2 2 2 2 2 2 2 2 2 2 2 2 2 2 2 2 2 2 2 2 2 2 2 2 2 2 2 2 
2 2 2 2 2 2 2 2 2 2 2 2 2 2 2 2 2 2 2 2 2 2 2 2 2 2 2 2 2 2 2 2 
