2 2 2 2 2 2 2 2 2 2 2 2 2 2 2 2 2 2 2 2 2 2 2 2 2 2 2 2 2 2 2 2 
2 2 2 2 2 2 2 2 2 2 2 2 2 2 2 2 2 2 2 2 2 2 2 2 2 2 2 2 2 2 2 2 
2 2 1 1 1 1 1 1 1 1 1 9 1 1 1 2 2 2 2 2 2 2 2 2 2 2 2 2 2 2 2 2 
5 10 2 2 2 10 2 2 2 2 2 10 2 12 1 10 2 10 2 10 2 2 2 2 2 2 2 2 2 2 2 2 
1 2 2 5 2 2 2 2 2 5 2 2 2 5 2 5 2 5 2 2 2 5 2 2 2 2 2 2 2 2 2 2 
2 2 1 1 2 2 2 2 5 2 1 2 1 1 1 1 1 1 1 1 1 2 2 2 5 2 2 2 2 2 2 2 
5 2 11 2 2 2 11 2 2 2 11 2 2 2 2 2 2 2 11 2 2 2 2 2 2 2 11 2 2 2 2 2 
2 2 2 10 2 2 2 10 2 2 2 10 5 2 2 2 2 2 2 10 2 2 2 10 2 10 2 2 2 2 2 2 
10 5 2 5 2 2 2 5 2 5 2 5 0 2 2 2 2 2 2 2 2 2 2 5 2 2 2 2 2 2 2 2 
2 2 0 2 2 2 2 2 2 2 2 2 2 0 2 2 2 0 0 2 2 2 2 2 2 2 2 1 2 2 2 2 
0 0 0 2 11 2 2 2 2 2 2 2 11 2 2 2 2 2 2 2 2 2 0 0 0 0 0 2 2 2 2 2 
2 0 0 10 2 12 2 10 0 0 8 2 2 2 2 2 2 2 2 10 2 10 8 0 0 0 2 12 2 2 2 2 
11 0 2 5 2 5 2 5 8 0 0 0 2 5 2 5 2 5 2 5 0 0 2 0 0 0 2 5 2 2 2 2 
2 2 2 2 0 0 0 0 0 0 0 0 0 0 0 0 0 0 0 2 0 2 2 2 2 2 2 2 2 2 2 2 
2 2 11 2 2 2 2 2 2 2 2 2 2 2 2 2 2 2 2 2 2 2 2 2 2 2 2 2 2 2 2 2 
2 2 2 2 2 2 2 2 2 2 2 2 2 2 2 2 2 2 2 2 2 2 2 2 2 2 2 2 2 2 2 2 
2 2 2 2 2 2 2 2 2 2 2 2 2 2 2 2 2 2 2 2 2 2 2 2 2 2 2 2 2 2 2 2 
2 2 2 2 2 2 2 2 2 2 2 2 2 2 2 2 2 2 2 2 2 2 2 2 2 2 2 2 2 2 2 2 
2 2 2 2 2 2 2 2 2 2 2 2 2 2 2 2 2 2 2 2 2 2 2 2 2 2 2 2 2 2 2 2 
2 2 8 10 2 2 2 2 2 2 2 2 2 2 2 2 2 2 2 2 2 2 2 2 2 2 2 2 2 2 2 2 
2 2 2 2 2 2 2 2 2 2 2 2 2 2 2 2 2 2 2 2 2 2 2 2 2 2 2 2 2 2 2 2 
0 0 0 2 2 2 0 2 2 2 2 2 2 2 2 2 2 2 2 2 2 2 2 2 2 2 2 2 2 2 2 2 
2 2 2 2 2 2 2 2 2 2 2 2 2 2 2 2 2 2 2 2 2 2 2 2 2 2 2 2 2 2 2 2 
2 2 2 2 2 2 2 2 2 2 2 2 2 2 2 2 2 2 2 2 2 2 2 2 2 2 2 2 2 2 2 2 
2 2 2 2 2 2 2 2 2 2 2 2 2 2 2 2 2 2 2 2 2 2 2 2 2 2 2 2 2 2 2 2 
2 2 2 2 2 2 2 2 2 2 2 2 2 2 2 2 2 2 2 2 2 2 2 2 2 2 2 2 2 2 2 2 
2 2 2 2 2 2 2 2 2 2 2 2 2 2 2 2 2 2 2 2 2 2 2 2 2 2 2 2 2 2 2 2 
2 2 2 2 2 2 2 2 2 2 2 2 2 2 2 2 2 2 2 2 2 2 2 2 2 2 2 2 2 2 2 2 
2 2 2 2 2 2 2 2 2 2 2 2 2 2 2 2 2 2 2 2 2 2 2 2 2 2 2 2 2 2 2 2 
2 2 2 2 2 2 2 2 2 2 2 2 2 2 2 2 2 2 2 2 2 2 2 2 2 2 2 2 2 2 2 2 
2 2 2 2 2 2 2 2 2 2 2 2 2 2 2 2 2 2 2 2 2 2 2 2 2 2 2 2 2 2 2 2 
2 2 2 2 2 2 2 2 2 2 2 2 2 2 2 2 2 2 2 2 2 2 2 2 2 2 2 2 2 2 2 2 
