2 2 2 5 2 2 2 2 2 2 2 2 2 2 2 6 2 2 2 2 2 2 2 2 2 2 2 2 2 2 2 2 
2 5 2 2 2 3 2 3 1 3 2 2 2 3 1 3 1 3 2 3 2 3 2 2 2 2 2 2 2 2 2 2 
1 1 11 2 2 1 1 1 1 1 1 1 1 1 1 6 1 1 11 1 11 2 2 2 2 2 2 2 2 2 2 2 
2 0 2 2 2 2 2 2 2 2 2 2 1 1 1 1 1 1 1 1 2 2 2 2 2 2 2 2 2 2 2 2 
2 10 0 5 2 2 2 2 2 2 2 2 2 2 1 1 1 1 2 2 2 2 2 2 2 10 10 5 10 0 2 2 
2 2 2 2 1 1 2 2 2 3 1 3 2 3 1 1 1 1 1 1 1 1 1 2 2 2 2 3 2 0 2 2 
2 6 2 2 7 2 11 2 3 2 11 6 7 2 2 2 2 2 2 2 2 2 11 2 11 2 2 6 11 0 2 2 
0 0 2 2 2 1 2 2 2 1 1 1 1 1 2 2 2 2 2 2 2 2 2 2 2 2 0 0 2 0 2 2 
2 0 1 5 2 2 0 2 5 0 1 0 0 0 2 2 2 2 2 2 2 2 2 2 2 2 2 2 2 2 2 2 
0 0 2 2 2 0 0 2 2 3 2 3 2 2 2 6 7 2 2 0 0 3 2 2 2 0 0 2 2 2 2 2 
0 0 0 2 7 2 11 2 11 2 2 2 2 2 2 8 11 2 2 2 2 2 11 0 0 0 0 6 7 2 11 2 
0 0 0 2 2 2 2 0 0 0 2 0 2 2 2 8 9 2 2 5 2 2 2 0 0 0 2 0 2 2 2 2 
0 2 2 2 2 2 2 2 0 0 0 2 5 2 2 8 9 2 2 2 2 2 2 0 0 2 2 2 2 2 7 2 
0 2 2 2 0 0 0 3 0 0 2 0 0 0 0 0 2 0 0 2 2 2 2 2 2 1 2 0 2 2 2 2 
2 2 2 2 2 2 2 2 2 2 2 2 2 2 2 2 2 2 2 2 2 2 2 2 0 2 2 2 7 2 11 2 
2 2 2 2 2 2 2 2 2 2 2 2 2 2 2 2 2 2 2 2 2 0 2 2 2 2 2 2 2 2 2 0 
2 2 2 2 2 2 2 2 2 2 2 2 2 2 2 2 2 2 2 2 2 2 2 2 2 2 2 2 2 2 2 0 
2 2 2 2 2 2 2 0 2 2 2 2 2 2 2 2 2 2 2 2 2 2 2 2 2 2 2 2 2 2 2 2 
2 2 2 2 2 2 2 2 2 2 2 2 2 2 2 2 2 2 2 2 2 2 2 2 2 2 2 2 2 2 2 2 
2 2 2 2 2 2 2 2 2 2 2 2 2 2 2 2 2 2 2 2 2 2 2 2 2 2 2 2 2 2 2 2 
2 2 2 2 2 2 2 2 2 2 2 2 2 2 2 2 2 2 2 2 2 2 2 2 2 2 2 2 2 2 2 2 
2 2 2 2 2 2 2 2 2 2 2 2 2 2 2 2 2 2 2 2 2 2 2 2 2 0 2 2 2 2 2 2 
2 2 2 2 2 2 2 2 2 2 2 2 2 2 2 2 2 2 2 2 2 2 2 2 2 2 2 2 2 2 2 2 
2 2 2 2 2 2 2 2 2 2 2 2 2 2 2 2 2 2 2 2 2 2 2 2 2 2 2 2 2 2 2 2 
2 2 2 2 2 2 2 2 2 2 2 2 2 2 2 2 2 2 2 2 2 2 2 2 2 2 2 2 2 2 2 2 
2 2 2 2 2 2 2 2 2 2 2 2 2 2 2 2 2 2 2 2 2 2 2 2 2 2 2 2 2 2 2 2 
2 2 2 2 2 2 2 2 2 2 2 2 2 2 2 2 2 2 2 2 2 2 2 2 2 2 2 2 2 2 2 2 
2 2 2 2 2 2 2 2 2 2 2 2 2 2 2 2 2 2 2 2 2 2 2 2 0 2 2 2 2 2 2 2 
2 2 2 2 2 2 2 2 2 2 2 2 2 2 2 2 2 2 2 2 2 2 2 2 2 2 2 2 2 2 2 2 
2 2 2 2 2 2 2 2 2 2 2 2 2 2 2 2 2 2 2 2 2 2 2 2 2 2 2 2 2 2 2 2 
2 2 2 2 2 2 2 2 2 2 2 2 2 2 2 2 2 2 2 2 2 2 2 2 2 2 2 2 2 2 2 2 
2 2 2 2 2 2 2 2 2 2 2 2 2 2 2 2 2 2 2 2 2 2 2 2 2 2 2 2 2 2 2 2 
