2 3 2 2 2 5 2 2 2 2 2 2 2 2 2 2 2 2 2 2 2 2 2 2 2 2 2 2 2 2 2 2 
2 2 1 0 1 2 0 2 1 0 2 2 2 10 5 7 1 2 5 2 1 2 5 2 2 0 0 10 2 0 2 2 
1 1 1 1 1 1 1 1 1 1 1 1 1 1 1 1 1 1 1 1 1 1 1 1 1 1 1 1 1 1 1 2 
1 2 2 2 5 2 2 2 11 1 2 2 1 1 1 1 1 1 1 2 1 1 2 2 11 2 2 2 11 2 2 0 
1 1 0 2 1 2 1 2 1 2 2 1 1 1 1 1 1 1 1 1 1 2 2 2 1 2 2 2 0 2 0 2 
0 2 1 4 1 2 2 4 1 2 2 4 1 1 1 1 1 1 1 1 1 4 2 4 1 4 2 4 1 2 2 2 
0 2 0 9 2 2 2 2 2 2 2 2 1 1 2 1 2 2 2 1 2 2 2 2 2 0 0 0 0 2 0 2 
0 0 0 2 0 7 2 2 5 1 1 2 1 1 2 2 5 2 5 2 5 2 2 2 0 0 0 0 5 0 2 0 
0 0 0 2 2 5 2 2 1 2 1 0 1 2 2 2 2 2 10 2 2 2 2 0 0 2 2 2 2 2 2 2 
2 2 0 7 0 2 2 7 8 4 1 4 1 2 2 7 2 10 0 7 2 2 2 0 0 2 2 4 2 2 2 2 
0 0 0 0 6 2 2 2 2 5 2 2 2 2 2 9 2 2 2 2 2 0 0 0 0 0 2 5 2 2 2 2 
2 0 2 2 5 0 2 2 0 0 0 2 2 2 2 2 6 7 2 2 5 0 0 2 0 0 2 2 6 2 2 2 
0 0 2 2 1 0 2 2 0 0 2 2 2 2 2 2 2 2 2 0 0 0 0 0 0 0 2 2 2 2 2 2 
0 9 2 7 2 0 2 0 0 0 0 0 0 0 2 0 0 0 2 2 2 2 2 2 0 0 2 2 2 2 2 2 
2 2 2 2 2 2 2 2 2 2 2 2 2 2 2 2 2 2 2 2 2 2 2 2 2 2 2 2 2 2 2 2 
2 2 2 2 2 2 2 2 2 2 2 2 2 2 2 2 2 2 2 2 2 2 2 2 2 2 2 2 2 2 2 2 
2 2 2 2 2 2 2 2 2 2 2 2 2 2 2 2 2 2 2 2 2 2 2 2 2 2 2 2 2 2 2 2 
2 2 2 2 2 2 2 2 2 2 2 4 2 2 2 2 2 2 2 2 2 2 2 2 2 2 2 2 2 4 2 2 
2 2 2 2 2 2 2 2 2 2 2 2 2 2 2 2 2 2 2 2 2 2 2 2 2 2 2 2 2 2 2 2 
8 2 2 2 2 2 2 2 2 2 2 2 2 2 2 2 2 2 2 2 2 2 2 2 2 2 2 2 2 2 2 2 
2 2 2 2 2 2 2 2 2 2 2 2 2 2 2 2 2 2 2 2 2 2 2 2 2 2 2 2 2 2 2 2 
2 2 2 2 2 2 2 2 2 2 2 2 2 2 2 2 2 2 2 2 2 2 2 2 2 2 2 2 2 2 2 2 
2 2 2 2 2 2 2 2 2 2 2 2 2 2 2 2 2 2 2 2 2 2 2 2 2 2 2 2 2 2 2 2 
2 2 2 2 2 2 2 2 2 2 2 2 2 2 2 2 2 2 2 2 2 2 2 2 2 2 2 2 2 2 2 2 
2 2 2 2 2 2 2 2 2 2 2 2 2 2 2 2 2 2 2 2 2 2 2 2 2 2 2 2 2 2 2 2 
2 2 2 2 2 2 2 2 2 2 2 2 2 2 2 2 2 2 2 2 2 2 2 2 2 2 2 2 2 2 2 2 
2 2 2 2 2 2 2 2 2 2 2 2 2 2 2 2 2 2 2 2 2 2 2 2 2 2 2 2 2 2 2 2 
2 2 2 2 2 2 2 2 2 2 2 2 2 2 2 2 2 2 2 2 2 2 2 2 2 2 2 2 2 2 2 2 
2 2 2 2 2 2 2 2 2 2 2 2 2 2 2 2 2 2 2 2 2 2 2 2 2 2 2 2 2 2 2 2 
2 2 2 2 2 2 2 2 2 2 2 2 2 2 2 2 2 2 2 2 2 2 2 2 2 2 2 2 2 2 2 2 
2 2 2 2 2 2 2 2 2 2 2 2 2 2 2 2 2 2 2 2 2 2 2 2 2 2 2 2 2 2 2 2 
2 2 2 2 2 2 2 2 2 2 2 2 2 2 2 2 2 2 2 2 2 2 2 2 2 2 2 2 2 2 2 2 
