2 2 2 0 2 9 2 2 2 2 2 2 2 2 2 2 2 2 2 2 2 2 2 2 2 2 2 2 2 2 2 2 
2 2 1 1 1 2 1 5 2 2 2 5 1 1 1 5 2 2 2 2 2 2 2 2 2 2 2 7 2 2 2 2 
1 1 12 1 1 1 1 1 1 1 1 1 1 1 1 1 1 1 12 1 1 1 1 1 1 1 1 1 1 2 3 2 
1 1 1 1 2 2 11 1 2 2 11 1 1 1 1 1 1 1 1 1 2 2 11 2 2 2 11 1 2 2 2 2 
1 1 12 2 2 2 12 2 2 2 12 2 1 1 1 1 1 1 1 1 2 2 12 2 2 2 12 2 2 2 2 2 
2 2 0 2 2 2 1 1 2 1 2 1 1 1 2 1 1 1 1 1 2 2 2 2 2 2 2 2 2 2 2 2 
0 2 0 0 2 2 12 2 2 2 12 2 1 2 2 2 1 2 2 2 2 2 12 2 2 8 12 10 10 2 5 2 
0 0 0 0 0 1 11 1 2 1 1 1 1 1 2 2 2 1 11 2 2 2 2 0 0 0 0 0 0 0 2 2 
1 2 2 0 2 2 12 1 1 12 1 10 10 2 12 2 2 2 12 2 2 2 12 0 0 0 12 2 2 2 12 2 
0 0 2 2 2 2 1 2 2 1 1 1 1 2 2 0 0 0 0 2 2 2 2 0 0 0 2 2 2 2 2 2 
0 0 0 0 2 2 12 12 2 12 12 2 2 2 2 2 2 12 12 2 2 0 12 2 0 0 2 2 2 2 2 2 
0 0 2 2 2 0 11 0 12 12 11 2 2 2 11 2 2 2 11 2 2 0 0 0 12 0 11 2 2 2 6 5 
2 2 12 2 2 2 12 12 2 2 12 2 2 2 12 2 2 2 12 0 2 0 12 12 2 2 12 1 2 2 12 2 
0 2 2 2 2 0 0 0 0 0 0 0 0 0 0 0 2 2 0 0 2 0 2 0 0 0 2 2 2 2 2 2 
2 2 2 2 2 2 12 2 2 2 2 2 2 2 2 2 2 2 2 2 2 2 2 2 2 2 2 2 2 2 2 2 
2 2 2 2 2 2 2 2 2 2 2 2 2 2 2 2 2 2 2 2 2 2 2 2 2 2 2 2 2 2 2 2 
2 2 2 2 2 2 2 2 2 2 2 2 2 2 2 2 2 2 2 2 2 2 2 2 2 2 2 2 2 2 2 2 
2 2 2 2 2 2 2 2 2 2 2 2 2 2 2 2 2 2 2 2 2 2 2 2 2 2 2 2 2 0 2 2 
2 2 2 2 2 2 2 2 2 2 2 2 2 2 2 2 2 2 2 2 2 2 2 2 2 2 2 2 2 2 2 0 
2 2 2 2 2 2 2 2 2 2 2 2 2 2 2 2 2 2 2 2 2 2 2 2 2 2 2 2 2 2 2 2 
2 2 2 2 2 2 12 2 2 2 2 2 2 2 2 2 2 2 2 2 2 2 2 2 2 2 2 2 2 2 2 2 
2 2 2 2 2 2 2 2 2 2 2 2 2 2 2 2 2 2 2 2 2 2 2 2 2 2 2 2 2 2 2 2 
2 2 2 2 2 2 2 2 2 2 2 2 2 2 2 2 2 2 2 2 2 2 2 2 2 2 2 2 2 2 2 2 
2 2 2 2 2 2 2 2 2 2 2 2 2 2 2 2 2 2 2 2 2 2 2 2 2 2 2 2 2 2 2 2 
2 2 2 2 2 2 2 2 2 2 2 2 2 2 2 2 2 2 2 2 2 2 2 2 2 2 2 2 2 2 2 2 
2 2 2 2 2 2 2 2 2 2 2 2 2 2 2 2 2 2 2 2 2 2 2 2 2 2 2 2 2 2 2 2 
2 2 2 2 2 2 2 2 2 2 2 2 2 2 2 2 2 2 2 2 2 2 2 2 2 2 2 2 2 2 2 2 
2 2 2 2 2 2 2 2 2 2 2 2 2 2 2 2 2 2 2 2 2 2 2 2 2 2 2 2 2 2 2 2 
2 2 2 2 2 2 2 2 2 2 2 2 2 2 2 2 2 2 2 2 2 2 2 2 2 2 2 2 2 2 2 2 
2 2 2 2 2 2 2 2 2 2 2 2 2 2 2 2 2 2 2 2 2 2 2 2 2 2 2 2 2 2 2 2 
2 2 2 2 2 2 2 2 2 2 2 2 2 2 2 2 2 2 2 2 2 2 2 2 2 2 2 2 2 2 2 2 
2 2 2 2 2 2 2 2 2 2 2 2 2 2 2 2 2 2 2 2 2 2 2 2 2 2 2 2 2 2 2 2 
