2 2 2 0 2 5 2 2 2 2 2 2 2 2 2 2 2 2 2 2 2 2 2 2 2 2 2 2 2 2 2 2 
2 2 11 2 1 2 2 2 5 2 2 2 2 1 2 2 11 2 11 2 1 2 11 2 2 2 2 2 2 0 2 2 
1 1 1 1 1 1 1 1 1 1 1 1 1 1 1 1 1 1 1 1 1 1 1 1 1 1 1 1 1 2 2 2 
1 2 2 2 2 2 2 9 2 2 1 9 1 1 1 1 1 1 1 9 2 2 2 9 2 2 2 2 2 2 2 0 
1 1 0 5 2 2 0 1 1 1 1 1 1 1 1 1 1 1 1 5 2 2 10 5 2 5 10 5 2 2 2 2 
1 10 6 2 11 10 11 2 11 9 11 10 1 1 1 1 1 1 1 1 1 0 2 2 11 10 10 2 5 10 2 2 
0 2 0 2 11 2 11 2 11 2 11 2 11 1 1 2 1 2 2 2 2 2 10 2 2 8 0 0 0 2 0 2 
0 0 0 0 0 1 2 10 1 9 1 1 1 1 2 2 2 9 2 9 2 0 2 0 0 0 0 0 2 0 2 0 
0 0 0 5 10 9 2 1 1 9 1 5 10 2 10 5 2 2 10 2 0 2 2 0 0 9 2 5 2 1 2 2 
11 10 11 2 5 9 11 2 11 1 1 1 1 1 2 8 11 10 11 2 11 2 11 0 11 0 11 2 5 2 2 2 
0 0 0 0 11 9 11 2 11 1 10 2 1 2 2 2 9 2 2 2 2 0 0 0 0 0 11 2 11 2 2 2 
2 9 2 2 2 12 2 9 0 0 0 2 2 2 2 2 6 12 2 2 2 0 0 0 0 0 2 2 2 2 2 10 
0 0 0 2 2 5 2 5 0 9 2 2 2 9 2 5 2 5 2 0 0 0 0 0 0 0 2 2 2 2 2 2 
0 2 2 2 11 0 11 0 11 0 11 0 11 0 0 0 0 0 0 2 11 2 11 2 11 0 2 2 11 2 2 2 
2 2 11 2 10 2 11 2 11 2 11 2 11 2 2 2 2 2 2 2 2 2 2 2 2 2 11 2 2 2 2 2 
2 2 2 2 2 2 2 2 2 2 2 2 2 2 2 2 2 2 2 2 2 2 2 2 2 2 2 2 2 2 2 2 
2 2 2 2 2 2 2 2 2 2 2 2 2 2 2 2 2 2 2 2 2 2 2 2 2 2 2 2 2 2 2 2 
2 2 2 2 2 2 2 2 2 2 2 2 2 2 2 2 2 2 2 2 2 2 2 2 2 2 2 2 2 2 2 2 
2 2 2 2 2 2 2 2 2 2 2 2 2 2 2 2 2 2 2 2 2 2 2 2 2 2 2 2 2 2 2 2 
2 2 2 2 2 2 2 2 2 2 2 2 2 2 2 2 2 2 2 2 2 2 2 2 2 2 2 2 2 2 2 2 
2 2 2 2 2 2 2 2 2 2 2 2 2 2 2 2 2 2 2 2 2 2 2 2 2 2 2 2 2 2 2 2 
2 2 1 2 2 2 2 2 2 2 2 2 2 2 2 2 2 2 2 2 2 2 2 2 2 2 2 2 2 2 2 2 
2 2 2 2 2 2 2 2 2 2 2 2 2 2 2 2 2 2 2 2 2 2 2 2 2 2 2 2 2 2 2 2 
2 2 2 2 2 2 2 2 2 2 2 2 2 2 2 2 2 2 2 2 2 2 2 2 2 2 2 2 2 2 2 2 
2 2 2 2 2 2 2 2 2 2 2 2 2 2 2 2 2 2 2 2 2 2 2 2 2 2 2 2 2 2 2 2 
2 2 2 2 2 2 2 2 2 2 2 2 2 2 2 2 2 2 2 2 2 2 2 2 2 2 2 2 2 2 2 2 
2 2 2 2 2 2 2 2 2 2 2 2 2 2 2 2 2 2 2 2 2 2 2 2 2 2 2 2 2 2 2 2 
2 2 2 2 2 2 2 2 2 2 2 2 2 2 2 2 2 2 2 2 2 2 2 2 2 2 2 2 2 2 2 2 
2 2 2 2 2 2 2 2 2 2 2 2 2 2 2 2 2 2 2 2 2 2 2 2 2 2 2 2 2 2 2 2 
2 2 2 2 2 2 2 2 2 2 2 2 2 2 2 2 2 2 2 2 2 2 2 2 2 2 2 2 2 2 2 2 
2 2 2 2 2 2 2 2 2 2 2 2 2 2 2 2 2 2 2 2 2 2 2 2 2 2 2 2 2 2 2 2 
2 2 2 2 2 2 2 2 2 2 2 2 2 2 2 2 2 2 2 2 2 2 2 2 2 2 2 2 2 2 2 2 
