8 10 8 0 1 7 2 2 2 2 2 2 2 2 2 2 2 2 2 2 2 2 2 8 2 2 2 2 2 2 2 2 
1 1 0 1 2 2 2 1 2 2 2 2 2 1 1 1 2 2 2 2 2 2 2 2 2 1 2 2 2 0 2 2 
1 1 1 1 1 1 1 1 1 1 1 1 1 1 1 1 1 1 1 1 1 1 1 1 1 1 1 9 0 0 2 2 
9 1 1 2 2 2 2 2 2 1 2 1 1 1 1 1 1 1 1 1 2 2 2 12 2 11 2 12 0 2 2 0 
8 1 7 2 2 2 0 2 2 2 6 1 1 1 1 1 1 1 1 1 2 2 10 2 2 2 10 1 0 0 0 2 
2 2 0 2 2 2 2 2 2 1 1 1 1 1 1 1 1 1 1 1 2 2 2 2 2 2 2 0 2 2 2 2 
2 10 2 10 0 0 2 10 10 10 10 10 10 10 10 10 10 10 2 10 10 10 2 10 10 10 10 10 10 0 0 2 
2 2 2 0 2 1 2 1 1 1 1 1 1 2 2 2 2 0 2 2 2 2 2 0 0 0 0 0 2 2 2 2 
0 0 0 0 10 1 1 1 10 1 1 10 10 2 2 10 10 2 2 10 2 2 2 0 0 0 2 2 2 2 2 2 
0 0 0 2 2 1 2 2 2 1 1 1 1 2 2 2 0 0 2 2 2 0 0 0 0 0 2 2 2 2 2 2 
0 0 0 2 5 2 2 2 1 1 1 2 5 2 2 2 2 2 2 2 2 0 0 0 0 2 2 2 2 2 2 2 
0 0 2 11 2 2 2 11 2 11 2 2 2 2 2 2 2 2 2 2 0 0 0 0 0 0 2 2 2 2 2 2 
9 0 5 2 8 2 2 12 8 12 2 2 10 2 2 2 2 2 2 0 0 0 0 0 0 12 2 1 5 2 2 2 
0 12 2 2 2 0 0 0 0 0 0 0 0 0 0 0 0 0 0 0 0 0 0 0 0 2 2 2 2 2 2 2 
2 7 2 2 2 2 2 2 10 10 10 2 2 2 2 2 2 2 2 2 2 2 2 2 2 2 2 2 2 2 2 2 
2 2 2 2 2 2 2 2 2 2 2 2 2 2 2 2 2 2 2 2 2 2 2 2 2 2 2 2 2 2 2 2 
2 2 2 2 2 2 2 2 2 2 2 2 2 2 2 2 2 2 2 2 2 2 2 2 2 2 2 2 2 2 2 2 
2 2 2 2 2 2 2 2 2 2 2 2 2 2 2 2 2 2 2 2 2 2 2 2 2 2 2 2 2 2 2 2 
2 7 2 2 2 2 2 2 2 2 2 2 2 2 2 2 2 2 2 2 2 2 2 2 2 2 2 2 2 2 2 2 
5 2 2 2 2 2 2 2 2 2 2 2 2 2 2 2 2 2 2 2 2 2 2 2 2 2 2 2 2 2 2 2 
2 2 2 2 2 2 2 2 2 2 2 2 2 2 2 2 2 2 2 2 2 2 2 2 2 2 2 2 2 2 2 2 
2 2 2 2 2 2 2 2 2 2 2 2 2 2 2 2 2 2 2 2 2 2 2 2 2 2 2 2 2 2 2 2 
2 2 2 2 2 2 2 2 2 2 2 2 2 2 2 2 2 2 2 2 2 2 2 2 2 2 2 2 2 2 2 2 
2 2 2 2 2 2 2 2 2 2 2 2 2 2 2 2 2 2 2 2 2 2 2 2 2 2 2 2 2 2 2 2 
2 2 2 2 2 2 2 2 2 2 2 2 2 2 2 2 2 2 2 2 2 2 2 2 2 2 2 2 2 2 2 2 
2 2 2 2 2 2 2 2 2 2 2 2 2 2 2 2 2 2 2 2 2 2 2 2 2 2 2 2 2 2 2 2 
2 1 2 2 2 2 2 2 2 2 2 2 2 2 2 2 2 2 2 2 2 2 2 2 2 2 2 2 2 2 2 2 
2 2 2 2 2 2 2 2 2 2 2 2 2 2 2 2 2 2 2 2 2 2 2 2 2 2 2 2 2 2 2 2 
2 2 2 0 2 2 2 2 2 2 2 2 2 2 2 2 2 2 2 2 2 2 2 2 2 2 2 2 2 2 2 2 
2 2 2 2 2 2 2 2 2 2 2 2 2 2 2 2 2 2 2 2 2 2 2 2 2 2 2 2 2 2 2 2 
2 2 2 2 0 2 2 2 2 2 2 2 0 2 2 2 2 2 2 2 0 2 2 2 2 2 2 2 0 2 2 2 
2 2 2 2 2 2 2 2 2 2 2 2 2 2 2 2 2 2 2 2 2 2 2 2 2 2 2 2 2 2 2 2 
