2 2 2 2 2 2 2 2 2 2 2 2 2 2 2 2 2 2 2 2 2 2 2 2 2 2 2 2 2 2 2 2 
2 2 2 2 2 2 2 2 2 2 2 2 3 1 3 1 1 1 2 2 2 2 2 2 2 2 2 0 2 2 2 2 
1 1 1 1 1 1 1 1 1 1 1 1 1 1 1 1 1 1 1 1 2 2 2 1 1 1 2 1 2 2 2 2 
3 1 3 2 2 2 2 2 2 2 2 0 2 1 1 1 1 1 1 5 2 2 2 2 2 2 2 2 3 2 2 2 
2 2 2 2 2 2 2 2 2 9 2 2 2 1 1 1 1 1 2 9 2 2 2 2 2 2 2 5 2 2 2 2 
2 2 2 2 2 1 1 2 2 2 1 9 2 1 1 1 1 1 1 1 1 1 2 0 2 2 2 2 2 2 2 2 
2 2 0 2 2 2 2 9 2 1 5 9 2 2 2 2 2 2 2 9 2 2 2 9 2 7 5 9 2 2 2 2 
0 0 2 2 2 1 2 2 2 1 1 1 2 1 2 2 2 2 2 2 2 2 2 0 2 5 0 0 2 2 2 2 
1 9 10 2 2 1 2 2 2 1 1 1 0 9 2 2 5 2 2 2 2 2 2 2 2 2 0 0 2 2 2 2 
2 2 2 2 2 1 2 2 2 2 2 2 2 2 2 6 2 0 0 0 2 2 2 0 0 2 2 2 2 2 2 2 
2 2 2 2 2 2 2 2 0 2 2 2 2 2 2 8 2 2 2 9 2 2 5 0 0 0 0 0 2 2 2 2 
2 0 6 7 2 2 2 0 0 2 2 2 2 2 2 2 2 2 2 2 2 5 0 0 2 2 2 2 2 2 2 2 
0 0 8 9 2 2 2 2 0 2 2 0 2 0 2 2 2 2 2 2 2 0 0 0 0 0 2 2 2 2 2 2 
0 2 2 2 2 0 0 0 0 0 0 0 0 0 0 0 0 0 0 0 2 2 2 2 2 2 2 2 2 2 2 2 
2 2 2 9 2 2 2 2 2 2 2 2 2 2 2 2 2 2 2 2 2 2 2 2 2 2 2 2 2 2 2 2 
2 2 6 2 2 2 2 2 2 2 2 2 2 2 2 2 2 2 2 2 2 2 2 2 2 2 2 2 2 2 2 2 
2 9 0 2 2 2 2 2 2 2 2 2 2 2 2 2 2 2 2 2 2 2 2 2 2 2 2 2 2 2 2 2 
2 2 2 2 2 2 2 2 2 2 2 2 2 2 2 2 2 2 2 2 2 2 2 2 2 2 2 2 2 2 2 2 
2 2 2 2 2 2 2 2 2 2 2 2 2 2 2 2 2 2 2 2 2 2 2 2 2 2 2 2 2 2 2 2 
2 2 2 2 3 2 2 2 2 2 2 2 2 2 2 2 2 2 2 2 2 2 2 2 2 2 2 2 2 2 2 2 
8 9 3 2 2 2 2 2 2 2 2 2 2 2 2 2 2 2 2 2 2 2 2 2 2 2 2 2 2 2 2 2 
0 2 0 0 2 2 2 2 2 2 2 2 2 2 2 2 2 2 2 2 2 2 2 2 2 2 2 2 2 2 2 2 
2 2 0 10 2 2 2 2 2 2 2 2 2 2 2 2 2 2 2 2 2 2 2 2 2 2 2 2 2 2 2 2 
2 2 2 2 2 2 2 2 2 2 2 2 2 2 2 2 2 2 2 2 2 2 2 2 2 2 2 2 2 2 2 2 
2 2 2 2 2 2 2 2 2 2 2 2 2 2 2 2 2 2 2 2 2 2 2 2 2 2 2 2 2 2 2 2 
2 2 2 2 2 2 2 2 2 2 2 2 2 2 2 2 2 2 2 2 2 2 2 2 2 2 2 2 2 2 2 2 
2 2 2 2 2 2 2 2 2 2 2 2 2 2 2 2 2 2 2 2 2 2 2 2 2 2 2 2 2 2 2 2 
2 2 2 2 2 2 2 2 2 2 2 2 2 2 2 2 2 2 2 2 2 2 2 2 2 2 2 2 2 2 2 2 
2 2 2 2 2 2 2 2 2 2 2 2 2 2 2 2 2 2 2 2 2 2 2 2 2 2 2 2 2 2 2 2 
2 2 2 2 2 2 2 2 2 2 2 2 2 2 2 2 2 2 2 2 2 2 2 2 2 2 2 2 2 2 2 2 
2 2 2 2 2 2 2 2 2 2 2 2 2 2 2 2 2 2 2 2 2 2 2 2 2 2 2 2 2 2 2 2 
2 2 2 2 2 2 2 2 2 2 2 2 2 2 2 2 2 2 2 2 2 2 2 2 2 2 2 2 2 2 2 2 
