2 2 2 0 2 2 2 2 2 2 2 2 2 2 2 2 2 2 2 2 2 2 2 2 2 2 2 2 2 2 2 2 
2 2 1 2 1 2 3 2 3 2 2 2 2 1 1 2 2 2 2 2 2 2 2 2 2 3 2 2 2 2 2 2 
1 1 1 1 1 1 1 1 1 1 1 1 1 1 1 1 1 1 1 1 1 1 0 1 1 1 1 1 2 2 2 2 
1 2 1 2 1 2 2 2 2 1 2 2 1 1 1 1 1 1 1 2 2 2 2 2 2 2 2 2 2 2 2 2 
1 1 0 2 2 2 1 1 1 2 1 1 1 1 1 1 1 1 1 1 2 2 2 1 2 2 2 1 2 2 2 2 
2 2 0 2 2 3 3 2 2 1 1 1 1 1 1 1 1 1 1 1 3 3 3 2 2 0 3 2 2 2 2 2 
2 2 0 0 2 2 2 9 2 2 2 2 1 1 2 1 1 2 2 2 2 2 2 2 2 2 2 10 10 2 2 2 
0 0 0 0 0 2 2 1 1 1 1 1 1 0 2 2 2 2 2 2 2 2 2 0 0 0 0 0 0 0 2 2 
1 2 0 0 2 2 1 9 1 1 1 1 1 1 2 2 2 2 2 5 2 2 2 0 0 0 2 2 2 2 2 2 
0 3 3 2 2 3 3 3 3 3 1 1 1 2 3 0 0 0 0 2 2 3 3 3 3 0 3 2 2 2 2 2 
0 0 0 12 5 2 2 12 2 1 9 12 2 2 2 2 2 2 2 2 2 0 0 2 0 12 2 2 2 2 2 2 
0 0 2 11 11 11 11 11 11 11 11 2 2 2 2 2 2 2 2 2 2 0 0 0 0 0 2 2 2 2 2 5 
0 2 2 12 1 12 2 12 8 12 2 2 2 2 2 2 2 12 2 12 0 0 0 0 2 12 2 1 1 2 2 2 
2 2 2 2 2 0 0 0 0 0 0 0 0 0 0 0 0 0 0 0 0 0 0 0 0 0 2 2 2 1 2 2 
2 2 2 2 2 2 2 2 2 2 2 2 2 2 2 2 2 2 2 2 2 2 2 2 2 2 2 2 2 2 2 2 
2 2 2 2 2 2 2 2 2 2 2 2 2 2 2 2 2 2 2 2 2 2 2 2 2 2 2 2 2 2 2 2 
2 2 2 2 2 2 2 2 2 2 2 2 2 2 2 2 2 2 2 2 2 2 2 2 2 2 2 2 2 2 2 2 
2 2 2 2 2 2 2 2 2 2 2 2 2 2 2 2 2 2 2 2 2 2 2 2 2 2 2 2 2 2 2 2 
2 2 2 2 2 2 2 2 2 2 2 2 2 2 2 2 2 2 2 2 2 2 2 2 2 2 2 2 2 2 2 2 
5 2 2 2 2 2 2 2 2 2 2 2 2 2 2 2 2 2 2 2 2 2 2 2 2 2 2 2 2 2 2 2 
2 2 2 2 2 2 2 2 2 2 2 2 2 2 2 2 2 2 2 2 2 2 2 2 2 2 2 2 2 2 2 2 
2 2 2 2 2 2 2 2 2 2 2 2 2 2 2 2 2 2 2 2 2 2 2 2 2 2 2 2 2 2 2 2 
2 2 2 2 2 2 2 2 2 2 2 2 2 2 2 2 2 2 2 2 2 2 2 2 2 2 2 2 2 2 2 2 
2 2 2 2 2 2 2 2 2 2 2 2 2 2 2 2 2 2 2 2 2 2 2 2 2 2 2 2 2 2 2 2 
2 2 2 2 2 2 2 2 2 2 2 2 2 2 2 2 2 2 2 2 2 2 2 2 2 2 2 2 2 2 2 2 
2 2 2 2 2 2 2 2 2 2 2 2 2 2 2 2 2 2 2 2 2 2 2 2 2 2 2 2 2 2 2 2 
2 2 2 2 2 2 2 2 2 2 2 2 2 2 2 2 2 2 2 2 2 2 2 2 2 2 2 2 2 2 2 2 
2 2 2 2 2 2 2 2 2 2 2 2 2 2 2 2 2 2 2 2 2 2 2 2 2 2 2 2 2 2 2 2 
2 2 2 2 2 2 2 2 2 2 2 2 2 2 2 2 2 2 2 2 2 2 2 2 2 2 2 2 2 2 2 2 
2 2 2 2 2 2 2 2 2 2 2 2 2 2 2 2 2 2 2 2 2 2 2 2 2 2 2 2 2 2 2 2 
2 2 2 2 2 2 2 2 2 2 2 2 2 2 2 2 2 2 2 2 2 2 2 2 2 2 2 2 2 2 2 2 
2 2 2 2 2 2 2 2 2 2 2 2 2 2 2 2 2 2 2 2 2 2 2 2 2 2 2 2 2 2 2 2 
