2 3 10 3 1 3 2 3 2 2 2 2 2 2 2 2 2 2 2 2 2 2 2 2 2 2 2 10 2 2 2 2 
2 1 0 2 2 2 2 2 2 2 2 2 2 1 1 2 2 2 2 2 2 2 2 2 2 11 2 0 0 0 2 2 
1 1 1 1 1 1 1 1 1 1 1 1 1 1 1 1 1 1 1 1 1 1 1 1 1 1 1 1 1 1 2 2 
9 2 0 2 2 2 2 2 2 1 1 1 1 1 1 1 1 1 1 2 2 2 2 2 2 2 2 2 2 2 2 0 
1 6 7 2 2 2 2 2 2 2 2 1 1 1 1 1 1 2 2 2 2 2 2 3 2 2 2 3 0 0 0 0 
2 2 1 2 2 2 2 2 2 2 1 1 1 2 1 1 1 2 1 1 2 2 2 2 2 2 5 0 2 2 2 2 
1 3 10 3 0 0 2 2 2 2 1 1 1 2 2 3 2 2 2 2 2 2 2 2 2 2 12 0 2 2 2 2 
10 2 2 0 2 1 2 2 1 1 1 1 1 2 2 2 2 0 0 2 2 2 2 0 0 0 0 0 2 2 2 2 
0 3 0 3 2 2 1 2 1 1 1 10 10 2 2 2 2 2 2 2 2 3 2 3 0 0 2 2 2 2 2 2 
5 0 2 2 2 2 2 2 2 1 1 1 1 2 2 2 0 0 0 2 2 0 2 0 0 0 2 2 2 2 2 2 
1 3 0 3 5 3 2 3 2 5 1 5 2 2 2 2 2 2 2 3 2 0 0 0 0 3 2 3 2 2 2 2 
0 0 2 0 2 2 2 2 12 12 2 2 2 2 2 2 2 2 2 2 0 0 0 0 0 0 2 2 2 2 2 2 
1 0 2 2 2 3 2 3 2 2 2 2 2 2 2 2 2 2 2 0 0 0 0 0 0 0 2 3 2 2 2 2 
0 2 2 2 2 0 0 0 0 0 0 0 0 2 0 0 0 0 0 2 0 0 0 0 0 2 2 2 2 2 2 2 
2 3 2 3 2 2 2 2 2 2 2 2 2 2 2 2 2 2 2 2 2 2 2 2 2 2 2 2 2 2 2 2 
2 2 2 2 2 2 2 2 2 2 2 2 2 2 2 2 2 2 2 2 2 2 2 2 2 2 2 2 2 2 2 2 
2 2 2 2 2 2 2 2 2 2 2 2 2 2 2 2 2 2 2 2 2 2 2 2 2 2 2 2 2 2 2 2 
2 2 2 2 2 2 2 2 2 2 2 2 2 2 2 2 2 2 2 2 2 2 2 2 2 2 2 2 2 2 2 2 
2 2 2 2 2 2 2 2 2 2 2 2 2 2 2 2 2 2 2 2 2 2 2 2 2 2 2 2 2 2 2 2 
5 2 2 2 2 2 2 2 2 2 2 2 2 2 2 2 2 2 2 2 2 2 2 2 2 2 2 2 2 2 2 2 
2 2 2 2 2 2 2 2 2 2 2 2 2 2 2 2 2 2 2 2 2 2 2 2 2 2 2 2 2 2 2 2 
2 2 2 2 2 2 2 2 2 2 2 2 2 2 2 2 2 2 2 2 2 2 2 2 2 2 2 2 2 2 2 2 
2 2 2 2 2 2 2 2 2 2 2 2 2 2 2 2 2 2 2 2 2 2 2 2 2 2 2 2 2 2 2 2 
2 2 2 2 2 2 2 2 2 2 2 2 2 2 2 2 2 2 2 2 2 2 2 2 2 2 2 2 2 2 2 2 
2 2 2 2 2 2 2 2 2 2 2 2 2 2 2 2 2 2 2 2 2 2 2 2 2 2 2 2 2 2 2 2 
2 2 2 2 2 2 2 2 2 2 2 2 2 2 2 2 2 2 2 2 2 2 2 2 2 2 2 2 2 2 2 2 
2 2 2 2 2 2 2 2 2 2 2 2 2 2 2 2 2 2 2 2 2 2 2 2 2 2 2 2 2 2 2 2 
2 2 2 2 2 2 2 2 2 2 2 2 2 2 2 2 2 2 2 2 2 2 2 2 2 2 2 2 2 2 2 2 
2 2 2 2 2 2 10 2 2 2 2 2 2 2 2 2 2 2 2 2 2 2 10 2 2 2 2 2 2 2 2 2 
2 2 2 2 2 2 2 2 2 2 2 2 2 2 2 2 2 2 2 2 2 2 2 2 2 2 2 2 2 2 2 2 
2 2 2 2 2 2 2 2 2 2 2 2 2 2 2 2 2 2 2 2 2 2 2 2 2 2 2 2 2 2 2 2 
2 2 2 2 2 2 2 2 2 2 2 2 2 2 2 2 2 2 2 2 2 2 2 2 2 2 2 2 2 2 2 2 
