2 2 2 2 2 2 2 2 2 2 2 2 2 2 2 2 2 2 2 2 2 2 2 2 2 2 2 2 2 2 2 2 
2 2 2 2 2 2 2 2 2 2 2 2 5 1 10 1 2 2 2 2 10 2 2 2 2 2 2 2 2 2 2 2 
1 1 1 1 1 1 1 1 1 1 1 1 1 1 1 1 1 1 1 1 1 1 1 1 1 1 1 2 2 2 2 2 
1 5 12 5 2 5 12 5 2 2 12 1 1 1 1 1 12 1 12 5 12 5 12 5 12 2 12 5 2 2 8 2 
1 1 1 2 8 1 1 1 1 2 1 1 1 1 1 1 1 1 8 1 8 2 2 2 2 2 2 2 2 5 2 2 
0 2 1 2 2 2 2 2 2 2 1 9 1 1 1 1 1 1 1 1 1 5 2 2 2 2 2 2 2 2 2 2 
10 2 10 2 10 2 10 2 10 10 10 2 1 2 2 2 10 2 10 1 10 2 10 10 10 10 10 2 5 2 2 2 
9 5 2 5 8 5 2 0 12 1 1 1 12 5 12 1 2 5 12 5 2 5 2 5 12 5 8 5 12 2 8 2 
0 10 10 5 8 2 2 2 2 1 1 1 1 0 8 2 5 10 10 2 10 5 2 2 8 0 8 5 0 2 8 2 
0 0 0 2 2 2 2 2 2 2 8 9 2 0 2 2 0 0 0 2 2 2 2 2 0 0 2 1 2 2 2 2 
0 0 0 2 0 2 2 2 0 2 2 2 2 2 2 9 9 2 10 9 2 0 0 0 0 0 0 0 10 2 2 2 
2 0 12 5 12 5 12 5 8 0 12 2 2 5 2 5 12 2 12 5 12 5 10 5 0 0 12 1 2 2 8 2 
9 0 2 2 8 5 2 5 8 9 8 5 2 5 2 8 2 2 8 0 0 0 0 0 0 0 2 2 2 2 2 2 
0 2 2 2 0 0 0 0 0 0 0 0 0 2 0 0 0 0 0 0 0 2 2 2 0 0 2 2 2 2 2 2 
2 2 2 2 2 5 2 2 2 2 2 2 2 2 2 2 2 2 2 2 8 2 2 2 2 2 2 2 2 2 2 2 
2 2 12 2 12 2 2 2 2 2 2 2 2 2 2 2 2 2 2 2 2 2 2 2 2 2 2 2 2 2 2 2 
2 5 2 2 2 2 2 2 2 2 2 2 2 2 2 2 2 2 2 2 2 2 2 2 2 2 2 2 2 2 2 2 
2 2 1 2 0 2 2 2 2 2 2 2 2 2 2 2 2 2 2 2 2 2 2 2 2 2 2 2 2 2 2 2 
8 6 0 2 2 2 2 2 2 2 2 2 2 2 2 2 2 2 2 2 2 2 2 2 2 2 2 2 2 2 2 2 
12 2 12 2 12 2 2 2 2 2 2 2 2 2 2 2 2 2 2 2 2 2 2 2 2 2 2 2 2 2 2 2 
8 1 8 2 2 2 2 2 2 2 2 2 2 2 2 2 2 2 2 2 2 2 2 2 2 2 2 2 2 2 2 2 
0 2 0 2 0 0 0 2 0 2 0 2 2 2 2 2 2 2 2 2 2 2 2 2 2 2 2 2 2 2 2 2 
2 2 2 2 10 2 2 2 2 2 2 2 2 2 2 2 2 2 2 2 2 2 2 2 2 2 2 2 2 2 2 2 
2 2 2 2 2 2 2 2 2 2 2 2 2 2 2 2 2 2 2 2 2 2 2 2 2 2 2 2 2 2 2 2 
2 2 2 2 2 2 2 2 2 2 2 2 2 2 2 2 2 2 2 2 2 2 2 2 2 2 2 2 2 2 2 2 
2 2 2 2 2 2 2 2 2 2 2 2 2 2 2 2 2 2 2 2 2 2 2 2 2 2 2 2 2 2 2 2 
2 2 2 2 2 2 2 2 2 2 2 2 2 2 2 2 2 2 2 2 2 2 2 2 2 2 2 2 2 2 2 2 
2 2 2 2 2 2 2 2 2 2 2 2 2 2 2 2 2 2 2 2 2 2 2 2 2 2 2 2 2 2 2 2 
2 2 2 2 2 2 2 2 2 2 2 2 2 2 2 2 2 2 2 2 2 2 2 2 2 2 2 2 2 2 2 2 
2 2 2 2 2 2 2 2 2 2 2 2 2 2 2 2 2 2 2 2 2 2 2 2 2 2 2 2 2 2 2 2 
2 2 2 2 2 2 2 2 2 2 2 2 2 2 2 2 2 2 2 2 2 2 2 2 2 2 2 2 2 2 2 2 
2 2 2 2 2 2 2 2 2 2 2 2 2 2 2 2 2 2 2 2 2 2 2 2 2 2 2 2 2 2 2 2 
