2 2 2 2 2 2 2 2 2 2 2 2 2 2 2 2 2 2 2 2 2 2 2 2 2 2 2 2 2 2 2 2 
2 5 2 2 2 5 2 2 2 5 2 5 2 5 8 5 2 5 2 2 2 2 2 2 2 5 2 2 2 2 2 2 
1 1 1 1 1 1 1 1 1 1 1 1 1 1 1 1 1 10 1 1 1 2 2 2 2 2 1 2 5 2 5 2 
8 5 2 2 2 2 2 2 2 2 1 1 1 1 1 1 1 1 1 5 2 2 2 5 8 2 5 2 2 2 2 0 
1 1 1 2 1 2 2 2 1 1 1 1 1 1 1 1 1 1 1 10 1 2 2 2 2 5 2 2 10 2 2 2 
0 5 2 2 2 5 2 2 1 1 1 5 1 1 8 1 1 1 1 5 8 5 2 2 2 5 2 2 2 1 2 2 
0 2 0 2 2 2 2 2 2 9 1 1 5 2 1 2 2 2 2 2 1 2 2 2 2 2 0 0 1 2 2 2 
8 2 2 5 2 5 2 5 2 1 1 1 8 5 2 2 2 2 2 5 8 5 8 0 8 0 0 0 2 2 2 2 
0 0 0 2 2 2 1 2 2 1 1 1 1 10 2 5 2 2 10 10 10 2 2 0 0 0 0 9 2 2 1 2 
0 5 8 2 8 5 2 2 8 5 8 1 1 1 2 5 0 5 0 2 2 5 2 0 0 5 8 2 2 2 2 2 
0 0 0 0 0 0 0 2 0 7 1 1 1 2 2 2 2 7 0 0 2 0 0 0 0 0 0 0 1 2 2 2 
2 0 0 5 8 0 0 0 8 0 0 2 2 2 2 1 2 2 8 0 2 0 0 0 0 0 0 1 2 2 2 2 
0 0 0 2 0 0 1 0 0 2 0 2 2 2 2 2 2 2 2 0 0 0 0 0 0 0 2 2 2 2 2 2 
2 12 2 2 0 0 0 0 0 0 0 0 0 0 0 0 0 0 0 0 0 2 2 2 0 2 2 2 2 2 2 2 
2 9 2 2 2 2 2 2 2 2 2 2 1 2 2 2 2 2 2 2 2 2 2 2 2 2 2 2 2 2 2 2 
2 2 2 2 2 2 2 2 2 2 2 2 2 2 2 2 2 2 2 2 2 2 2 2 2 2 2 2 2 2 2 2 
2 2 2 2 2 2 2 2 2 2 2 2 2 2 2 2 2 2 2 2 2 2 2 2 2 2 2 2 2 2 2 2 
2 2 2 2 2 2 2 2 2 2 2 2 2 2 2 2 2 2 2 2 2 2 2 2 2 2 2 2 2 2 2 2 
2 2 2 2 2 2 2 2 2 2 2 2 2 2 2 2 2 2 2 2 2 2 2 2 2 2 2 2 2 2 2 2 
8 2 2 2 2 2 2 2 2 2 2 2 2 2 2 2 2 2 2 2 2 2 2 2 2 2 2 2 2 0 2 2 
2 2 2 2 2 2 2 2 2 2 2 2 2 2 2 2 2 2 2 2 2 2 2 2 2 2 2 2 2 2 2 2 
0 0 0 2 0 2 2 2 2 2 2 2 2 2 2 2 2 2 2 2 2 2 2 2 2 2 2 2 2 2 2 2 
2 2 2 2 2 2 2 2 2 2 2 2 2 2 2 2 2 2 2 2 2 2 2 2 2 2 2 2 2 2 2 2 
2 2 2 2 2 2 2 2 2 2 2 2 2 2 2 2 2 2 2 2 2 2 2 2 2 2 2 2 2 2 2 2 
2 2 2 2 2 2 2 2 2 2 2 2 2 2 2 2 2 2 2 2 2 2 2 2 2 2 2 2 2 2 2 2 
2 2 2 2 2 2 2 2 2 2 2 2 2 2 2 2 2 2 2 2 2 2 2 2 2 2 2 2 2 2 2 2 
2 2 2 2 2 2 2 2 2 2 2 2 2 2 2 2 2 2 2 2 2 2 2 2 2 2 2 2 2 2 2 2 
2 2 2 2 2 2 2 2 2 2 2 2 2 2 2 2 2 2 2 2 2 2 2 2 2 2 2 2 2 2 2 2 
2 2 2 2 2 2 2 2 2 2 2 2 2 2 2 2 2 2 2 2 2 2 2 2 2 2 2 2 2 2 2 2 
2 2 2 2 2 2 2 2 2 2 2 2 2 2 2 2 2 2 2 2 2 2 2 2 2 2 2 2 2 2 2 2 
2 2 2 2 2 2 2 2 2 2 2 2 2 2 2 2 2 2 2 2 2 2 2 2 2 2 2 2 2 2 2 2 
2 2 2 2 2 2 2 2 2 2 2 2 2 2 2 2 2 2 2 2 2 2 2 2 2 2 2 2 2 2 2 2 
