2 0 8 0 8 9 2 2 2 2 2 2 2 2 2 2 2 2 2 2 2 2 2 2 5 2 2 2 2 2 2 2 
1 1 0 1 2 2 2 2 2 2 2 2 2 1 2 2 2 2 2 2 2 5 2 10 2 0 2 4 2 9 2 2 
9 9 0 1 0 0 0 1 0 9 1 1 1 1 1 1 1 1 1 1 1 0 0 9 1 1 1 9 1 0 0 2 
7 9 0 0 0 2 2 1 2 1 2 1 1 1 1 1 1 1 1 10 2 2 2 1 0 1 2 10 0 2 2 2 
8 1 7 2 2 9 2 2 1 9 2 1 1 1 1 1 8 9 8 9 2 2 2 9 8 1 0 1 0 0 0 2 
2 2 0 0 2 2 0 2 2 2 0 1 1 2 1 1 1 1 1 1 2 2 2 0 2 2 0 0 2 2 0 2 
2 2 0 0 0 0 0 0 2 2 2 1 1 2 2 2 2 2 2 2 2 2 0 9 0 2 0 0 2 0 0 2 
2 2 0 0 2 1 1 1 2 1 1 1 0 0 0 2 2 0 0 2 2 2 2 0 0 0 0 0 2 2 2 2 
0 0 0 0 0 1 1 1 1 1 1 1 8 2 2 2 2 2 2 2 2 2 2 0 0 0 2 2 0 2 2 2 
0 0 0 2 2 2 2 2 2 1 1 1 1 2 2 2 0 0 0 2 2 0 0 0 0 2 2 4 2 2 2 2 
0 0 0 2 5 2 2 2 2 5 2 2 2 2 2 2 2 2 2 2 2 5 0 2 0 2 2 2 2 2 0 2 
0 0 2 0 6 2 2 2 6 0 2 2 2 2 2 2 2 2 2 2 0 0 0 0 0 0 2 2 2 2 2 2 
8 0 2 2 8 9 2 2 8 2 2 2 2 2 2 2 2 2 2 0 0 0 0 0 0 2 2 1 1 2 2 2 
0 2 2 2 2 0 0 0 0 0 0 0 0 0 0 0 0 0 0 0 0 0 0 0 0 2 2 2 9 2 2 2 
2 2 2 2 2 2 2 2 2 2 2 2 2 2 2 2 2 2 2 2 2 2 2 2 2 2 2 2 2 2 2 2 
2 2 2 2 2 2 2 2 2 2 2 2 2 2 2 2 2 2 2 2 2 2 2 2 2 2 2 2 2 2 2 2 
2 2 2 2 2 2 2 2 2 2 2 2 2 2 2 2 2 2 2 2 2 2 2 2 2 2 2 2 2 2 2 2 
2 2 2 2 2 2 2 2 2 2 2 2 2 2 2 2 2 2 2 2 2 2 2 2 2 2 2 2 2 2 2 2 
2 2 2 2 2 2 2 2 2 2 2 2 2 2 2 2 2 2 2 2 2 2 2 2 2 2 2 2 2 2 2 2 
2 2 2 2 2 2 2 2 2 2 2 2 2 2 2 2 2 2 2 2 2 2 2 2 2 2 2 2 2 2 2 2 
2 2 2 2 2 2 2 2 2 2 2 2 2 2 2 2 2 2 2 2 2 2 2 2 2 2 2 2 2 2 2 2 
2 2 2 2 2 2 2 2 2 2 2 2 2 2 2 2 2 2 2 2 2 2 2 2 2 2 2 2 2 2 2 2 
2 2 2 2 2 2 2 2 2 2 2 2 2 2 2 2 2 2 2 2 2 2 2 2 2 2 2 2 2 2 2 2 
2 2 2 2 2 2 2 2 2 2 2 2 2 2 2 2 2 2 2 2 2 2 2 2 2 2 2 2 2 2 2 2 
2 2 2 2 2 2 2 2 2 2 2 2 2 2 2 2 2 2 2 2 2 2 2 2 2 2 2 2 2 2 2 2 
2 2 2 2 2 2 2 2 2 2 2 2 2 2 2 2 2 2 2 2 2 2 2 2 2 2 2 2 2 2 2 2 
2 2 2 2 2 2 2 2 2 2 2 2 2 2 2 2 2 2 2 2 2 2 2 2 2 2 2 2 2 2 2 2 
2 2 2 2 2 2 2 2 2 2 2 2 2 2 2 2 2 2 2 2 2 2 2 2 2 2 2 2 2 2 2 2 
2 2 2 2 2 2 2 2 2 2 2 2 2 2 2 2 2 2 2 2 2 2 2 2 2 2 2 2 2 2 2 2 
2 2 2 2 2 2 2 2 2 2 2 2 2 2 2 2 2 2 2 2 2 2 2 2 2 2 2 2 2 2 2 2 
2 2 2 2 2 2 2 2 2 2 2 2 2 2 2 2 2 2 2 2 2 2 2 2 2 2 2 2 2 2 2 2 
2 2 2 2 2 2 2 2 2 2 2 2 2 2 2 2 2 2 2 2 2 2 2 2 2 2 2 2 2 2 2 2 
