2 2 2 6 2 2 2 2 2 2 2 2 2 2 2 0 2 2 2 2 2 2 2 2 2 2 2 2 2 2 2 2 
2 2 2 2 2 2 2 2 1 2 2 2 2 2 1 1 1 2 2 2 2 2 2 2 2 2 2 2 2 2 2 2 
1 1 1 1 1 1 1 1 1 1 1 1 1 1 1 1 1 1 1 1 1 4 2 2 2 2 2 2 2 2 2 2 
2 4 1 1 2 2 2 1 1 1 1 1 1 1 1 1 1 1 1 1 2 2 2 2 2 2 1 2 1 2 2 2 
2 2 2 2 2 2 1 2 1 1 1 2 1 12 1 1 1 1 1 1 1 12 2 2 5 2 10 2 0 2 2 2 
2 2 2 1 2 1 10 2 2 2 2 2 2 2 1 1 1 1 1 1 1 1 1 2 2 2 2 2 2 2 2 2 
2 2 2 2 2 2 1 2 2 2 2 2 2 2 2 1 2 2 2 2 2 2 1 2 2 2 2 12 2 2 2 2 
2 2 0 2 2 2 2 2 2 2 1 12 0 2 2 2 2 2 2 2 2 2 2 2 2 2 0 0 0 10 0 2 
0 12 0 12 2 2 0 2 5 12 1 0 0 12 0 2 5 2 2 2 2 2 2 2 0 12 2 0 2 2 2 2 
0 0 2 2 0 0 2 2 2 2 2 2 0 2 2 6 7 2 0 0 0 2 2 2 0 0 0 2 2 2 2 2 
0 0 0 2 2 2 2 2 0 2 0 2 2 2 2 8 9 2 2 2 2 2 2 0 0 0 0 2 2 2 1 2 
0 0 2 2 12 2 12 2 0 0 0 2 0 2 2 8 9 2 2 2 2 2 12 12 0 0 2 12 2 2 12 2 
0 12 2 2 5 2 0 0 0 0 0 0 0 0 5 8 9 2 2 2 2 2 0 0 0 0 0 12 2 2 5 2 
2 2 2 2 0 0 0 0 0 0 0 0 0 0 0 0 0 0 0 9 2 2 2 2 2 2 0 0 2 2 2 2 
2 2 2 2 2 2 1 2 2 2 2 2 2 2 2 2 2 2 2 2 1 2 1 2 2 2 2 2 2 2 2 2 
2 2 2 2 2 2 2 2 2 2 2 2 2 2 2 2 2 2 2 2 2 2 2 2 2 2 2 2 2 2 2 2 
2 2 2 2 2 2 2 2 2 2 2 2 2 2 2 2 2 2 2 2 2 2 2 2 2 2 2 2 2 2 2 2 
2 2 2 2 2 2 2 2 2 2 2 2 2 2 2 2 2 2 2 2 2 2 2 2 2 2 2 2 2 2 2 2 
1 2 0 2 2 2 2 2 2 2 2 2 2 2 2 2 2 2 2 2 2 2 2 2 2 2 2 2 2 2 2 2 
2 2 2 2 2 2 2 2 2 2 2 2 2 2 2 2 2 2 2 2 2 2 2 2 2 2 2 2 2 2 2 2 
2 2 2 2 2 2 2 2 2 2 2 2 2 2 2 2 2 2 2 2 2 2 2 2 2 2 2 2 2 2 2 2 
0 2 2 2 2 2 2 2 2 2 2 2 2 2 2 2 2 2 2 2 2 2 2 2 2 2 2 2 2 2 2 2 
2 2 2 2 2 2 2 2 2 2 2 2 2 2 2 2 2 2 2 2 2 2 2 2 2 2 2 2 2 2 2 2 
2 2 2 2 2 2 2 2 2 2 2 2 2 2 2 2 2 2 2 2 2 2 2 2 2 2 2 2 2 2 2 2 
2 2 2 2 2 2 2 2 2 2 2 2 2 2 2 2 2 2 2 2 2 2 2 2 2 2 2 2 2 2 2 2 
2 2 2 2 2 2 2 2 2 2 2 2 2 2 2 2 2 2 2 2 2 2 2 2 2 2 2 2 2 2 2 2 
2 2 2 2 2 2 2 2 2 2 2 2 2 2 2 2 2 2 2 2 2 2 2 2 2 2 2 2 2 2 2 2 
2 2 2 2 2 2 2 2 2 2 2 2 2 2 2 2 2 2 2 2 2 2 2 2 2 2 2 2 2 2 2 2 
2 2 2 2 2 2 2 2 2 2 2 2 2 2 2 2 2 2 2 2 2 2 2 2 2 2 2 2 2 2 2 2 
2 2 2 2 2 2 2 2 2 2 2 2 2 2 2 2 2 2 2 2 2 2 2 2 2 2 2 2 2 2 2 2 
2 2 2 2 2 2 2 2 2 2 2 2 2 2 2 2 2 2 2 2 2 2 2 2 2 2 2 2 2 2 2 2 
2 2 2 2 2 2 2 2 2 2 2 2 2 2 2 2 2 2 2 2 2 2 2 2 2 2 2 2 2 2 2 2 
