2 10 0 0 1 10 2 0 2 2 2 2 2 2 2 2 2 2 2 2 2 2 2 2 2 2 2 2 2 2 2 2 
1 1 1 1 3 2 2 2 2 2 1 2 2 1 1 5 2 2 2 2 2 2 2 2 2 2 2 2 2 0 2 2 
12 1 12 1 1 1 11 1 12 1 1 1 1 1 1 1 1 1 1 1 1 10 1 1 1 1 1 10 2 0 2 2 
7 1 1 0 0 2 11 2 2 2 1 1 1 1 1 1 1 1 1 2 2 2 11 2 2 2 11 2 2 2 2 8 
8 6 7 2 2 2 12 2 2 2 12 1 1 1 1 1 1 2 12 1 2 2 12 2 2 2 12 2 0 2 2 2 
2 2 0 0 2 2 1 2 2 2 2 1 1 1 1 1 1 1 1 1 2 2 2 2 2 2 0 0 0 2 2 2 
2 10 2 10 0 10 12 10 2 10 1 10 1 10 1 10 2 10 2 10 2 10 10 10 2 10 12 10 2 10 2 2 
2 2 0 0 2 1 1 1 1 1 1 1 1 1 2 2 2 1 0 2 2 2 2 0 0 0 0 0 0 2 2 2 
0 0 12 0 2 10 12 1 1 1 1 10 10 10 2 10 2 10 12 10 2 2 12 0 0 0 12 2 2 2 12 2 
0 0 0 2 2 2 2 2 2 1 1 1 1 2 2 2 0 0 2 2 2 0 0 0 0 0 2 2 2 2 2 2 
0 0 12 10 5 2 2 2 2 1 1 1 2 2 2 2 2 2 2 2 2 5 12 0 0 2 2 2 2 2 0 2 
0 0 11 0 2 2 11 2 2 2 11 2 2 2 11 2 2 2 11 2 0 0 11 0 0 0 11 2 2 2 11 2 
0 0 12 2 2 2 12 2 0 2 12 2 2 2 12 2 2 2 12 0 2 2 12 2 0 2 12 1 5 2 12 2 
0 2 2 2 2 0 0 0 0 0 0 0 0 2 0 0 0 0 0 0 0 0 2 0 2 2 2 2 2 2 2 2 
2 2 12 10 2 2 12 10 2 10 12 2 2 10 2 2 2 2 2 2 2 10 2 2 2 2 2 5 2 2 2 2 
2 2 2 2 2 2 2 2 2 2 2 2 2 2 2 2 2 2 2 2 2 2 2 2 2 2 2 2 2 2 2 2 
2 2 2 2 2 2 2 2 2 2 2 2 2 2 2 2 2 2 2 2 2 2 2 2 2 2 2 2 2 2 2 2 
2 2 2 2 2 0 2 2 2 2 2 2 2 2 2 2 2 2 2 2 2 2 2 2 2 2 2 2 2 0 2 2 
2 2 2 2 2 2 2 2 2 2 2 2 2 2 2 2 2 2 2 2 2 2 2 2 2 2 2 2 2 2 2 2 
2 2 2 2 2 2 2 2 2 2 2 2 2 2 2 2 2 2 2 2 2 2 2 2 2 2 2 2 2 2 2 2 
2 2 2 2 2 2 2 2 2 2 2 2 2 2 2 2 2 2 2 2 2 2 2 2 2 2 2 2 2 2 2 2 
2 2 2 2 2 2 2 2 2 2 2 2 2 2 2 2 2 2 2 2 2 2 2 2 2 2 2 2 2 2 2 2 
2 2 2 2 2 2 2 2 2 2 2 2 2 2 2 2 2 2 2 2 2 2 2 2 2 2 2 2 2 2 2 2 
2 2 2 2 2 2 2 2 2 2 2 2 2 2 2 2 2 2 2 2 2 2 2 2 2 2 2 2 2 2 2 2 
2 2 2 2 2 2 2 2 2 2 2 2 2 2 2 2 2 2 2 2 2 2 2 2 2 2 2 2 2 2 2 2 
2 2 0 2 0 2 2 2 0 2 2 2 0 2 2 2 0 2 2 2 0 2 0 2 0 2 0 2 0 2 2 2 
2 2 2 0 2 2 2 2 2 2 2 2 2 2 2 2 2 2 2 2 2 2 2 2 2 2 2 0 2 2 2 2 
2 2 2 2 2 2 2 2 2 2 2 2 2 2 2 2 2 2 2 2 2 2 2 2 2 2 2 2 2 2 2 2 
2 2 2 2 2 2 2 2 2 2 2 2 2 2 2 2 2 2 2 2 2 2 12 2 2 2 2 2 2 2 2 2 
2 2 2 2 2 2 2 2 2 2 2 2 2 2 2 2 2 2 2 2 2 2 2 2 2 2 2 2 2 2 2 2 
2 2 2 2 2 2 2 2 2 2 2 2 2 2 2 2 2 2 2 2 2 2 2 2 2 2 2 2 2 2 2 2 
2 2 2 2 2 2 2 2 2 2 2 2 2 2 2 2 2 2 2 2 2 2 2 2 2 2 2 2 2 2 2 2 
