2 2 2 2 2 2 2 2 2 2 2 2 2 2 2 2 2 2 2 2 2 2 2 2 2 2 2 2 2 2 2 2 
2 2 2 2 2 2 2 2 2 2 2 2 2 2 2 2 2 2 2 2 2 2 2 2 2 2 2 2 2 2 2 2 
1 10 5 10 10 1 10 1 4 1 10 1 1 10 10 10 2 10 5 10 10 10 10 10 10 10 10 10 10 2 2 2 
2 1 12 1 12 8 12 1 12 1 12 1 1 1 12 2 2 11 12 2 2 11 12 2 2 11 2 2 2 2 2 2 
2 2 1 1 1 1 4 1 1 1 4 1 1 1 4 2 2 2 2 2 2 2 2 2 2 2 4 2 2 2 2 2 
2 1 3 1 2 2 2 2 3 1 3 1 3 1 3 2 2 2 2 2 2 2 2 2 2 2 2 2 2 2 2 2 
2 2 5 2 2 2 5 2 2 2 2 2 2 2 2 2 2 2 5 2 2 2 5 2 2 0 0 2 2 2 2 2 
2 2 12 2 12 2 12 2 2 2 12 2 2 2 12 2 2 2 12 2 2 2 12 2 2 2 12 2 2 2 2 2 
2 2 4 2 4 2 4 2 2 2 2 2 2 2 1 2 2 2 4 2 2 2 4 2 2 2 4 2 2 2 2 2 
5 6 3 2 3 2 3 2 3 0 3 1 3 2 3 2 2 2 2 2 2 2 2 2 2 2 2 2 2 2 2 2 
7 2 4 2 2 2 1 1 1 1 1 1 2 2 2 2 2 5 2 2 2 2 2 2 2 2 2 2 2 2 2 2 
9 8 12 2 12 1 12 1 12 1 12 1 12 2 12 2 12 7 2 2 12 2 12 2 12 2 2 2 2 2 2 2 
9 2 4 2 4 1 1 1 1 1 1 1 1 2 4 2 8 9 2 2 2 2 2 2 2 2 2 2 2 2 2 2 
0 0 0 0 0 0 0 0 0 0 0 0 0 0 0 0 0 0 0 0 0 0 0 0 0 0 0 0 2 2 2 2 
2 2 2 2 2 2 2 2 2 2 2 2 2 2 2 2 2 2 2 2 2 2 2 2 2 2 2 2 2 2 2 2 
2 2 2 2 2 2 2 2 2 2 2 2 2 2 2 2 2 2 2 2 2 2 2 2 2 2 2 2 2 2 2 2 
2 2 2 2 2 2 2 2 2 2 2 2 2 2 2 2 2 2 2 2 2 2 2 2 2 2 2 2 2 2 2 2 
2 2 2 2 2 2 2 2 2 2 2 2 2 2 2 2 2 2 2 2 2 2 2 2 2 2 2 2 2 2 2 2 
2 2 2 2 2 2 2 2 2 2 2 2 2 2 2 2 2 2 2 2 2 2 2 2 2 2 2 2 2 2 2 2 
2 2 2 2 2 2 2 2 2 2 2 2 2 2 2 2 2 2 2 2 2 2 2 2 2 2 2 2 2 2 2 2 
2 2 2 2 2 2 2 2 2 2 2 2 2 2 2 2 2 2 2 2 2 2 2 2 2 2 2 2 2 2 2 2 
2 2 2 2 2 2 2 2 2 2 2 2 2 2 2 2 2 2 2 2 2 2 2 2 2 2 2 2 2 2 2 2 
2 2 2 2 2 2 2 2 2 2 2 2 2 2 2 2 2 2 2 2 2 2 2 2 2 2 2 2 2 2 2 2 
2 2 2 2 2 2 2 2 2 2 2 2 2 2 2 2 2 2 2 2 2 2 2 2 2 2 2 2 2 2 2 2 
2 2 2 2 2 2 2 2 2 2 2 2 2 2 2 2 2 2 2 2 2 2 2 2 2 2 2 2 2 2 2 2 
2 2 2 2 2 2 2 2 2 2 2 2 2 2 2 2 2 2 2 2 2 2 2 2 2 2 2 2 2 2 2 2 
2 2 2 2 2 2 2 2 2 2 2 2 2 2 2 2 2 2 2 2 2 2 2 2 2 2 2 2 2 2 2 2 
2 2 2 2 2 2 2 2 2 2 2 2 2 2 2 2 2 2 2 2 2 2 2 2 2 2 2 2 2 2 2 2 
2 2 2 2 2 2 2 2 2 2 2 2 2 2 2 2 2 2 2 2 2 2 2 2 2 2 2 2 2 2 2 2 
2 2 2 2 2 2 2 2 2 2 2 2 2 2 2 2 2 2 2 2 2 2 2 2 2 2 2 2 2 2 2 2 
2 2 2 2 2 2 2 2 2 2 2 2 2 2 2 2 2 2 2 2 2 2 2 2 2 2 2 2 2 2 2 2 
2 2 2 2 2 2 2 2 2 2 2 2 2 2 2 2 2 2 2 2 2 2 2 2 2 2 2 2 2 2 2 2 
