2 2 2 2 2 2 2 2 2 2 2 2 2 2 2 2 2 2 2 2 2 2 2 2 2 2 2 2 2 2 2 2 
2 2 2 0 2 2 2 10 2 2 2 10 2 2 2 10 2 2 2 10 2 2 2 10 1 10 2 10 2 2 2 2 
2 2 2 2 2 2 2 2 2 2 2 1 1 1 1 1 1 1 2 1 2 2 2 1 1 1 1 1 2 2 2 2 
2 2 2 10 2 2 2 10 2 2 2 10 2 2 2 10 2 2 2 10 2 2 2 10 1 1 1 10 2 2 2 2 
2 2 2 2 2 2 2 2 2 2 2 2 2 2 2 2 2 2 2 2 2 2 0 0 0 1 1 1 2 2 2 2 
2 2 2 10 2 10 2 10 2 10 2 10 2 2 2 10 2 10 2 10 2 10 2 10 2 10 2 10 2 2 2 2 
2 2 2 2 2 2 2 2 2 2 2 2 2 2 2 2 2 2 2 2 2 2 2 0 0 0 2 2 2 2 2 2 
2 2 2 10 2 10 2 10 2 2 2 10 2 2 2 10 7 0 7 10 0 10 2 10 2 10 2 10 2 2 2 2 
2 2 2 2 2 2 2 2 2 2 2 2 2 2 2 2 2 2 2 2 2 2 2 2 9 2 2 5 2 2 2 2 
2 2 2 10 2 10 2 10 2 10 2 10 2 10 0 10 0 10 2 10 2 10 2 10 2 10 6 10 2 2 2 2 
2 2 2 2 2 2 2 2 2 2 2 2 0 0 2 0 0 2 2 2 2 2 2 2 2 2 8 9 2 2 2 2 
2 2 2 2 0 2 2 2 2 2 0 0 0 0 0 0 0 2 2 10 2 1 2 10 11 2 8 9 2 2 2 2 
2 5 2 2 2 2 2 2 2 0 0 0 0 0 0 0 0 2 2 2 5 2 2 2 0 2 8 9 2 2 2 2 
0 0 0 0 0 0 0 0 0 0 0 0 2 0 2 0 2 2 2 0 0 0 0 0 0 0 0 0 2 2 2 2 
2 2 2 2 2 2 2 2 2 2 2 2 2 2 2 2 2 2 2 2 2 2 2 2 2 2 2 2 2 2 2 2 
2 2 2 2 2 2 2 2 2 2 2 2 2 2 2 2 2 2 2 2 2 2 2 2 2 2 2 2 2 2 2 2 
2 2 2 2 2 2 2 2 2 2 2 2 2 2 2 2 2 2 2 2 2 2 2 2 2 2 2 2 2 2 2 2 
2 2 2 2 2 2 2 2 2 2 2 2 2 2 2 2 2 2 2 2 2 2 2 2 2 2 2 2 2 2 2 2 
2 2 2 2 2 2 2 2 2 2 2 2 2 2 2 2 2 2 2 2 2 2 2 2 2 2 2 2 2 2 2 2 
2 2 2 2 2 2 2 2 2 2 2 2 2 2 2 2 2 2 2 2 2 2 2 2 2 2 2 2 2 2 2 2 
2 2 2 2 2 2 2 2 2 2 2 2 2 2 2 2 2 2 2 2 2 2 2 2 2 2 2 2 2 2 2 2 
2 2 2 2 2 2 2 2 2 2 2 2 2 2 2 2 2 2 2 2 2 2 2 2 2 2 2 2 2 2 2 2 
2 2 2 2 2 2 2 2 2 2 2 2 2 2 2 2 2 2 2 2 2 2 2 2 2 2 2 2 2 2 2 2 
2 2 2 10 2 2 2 10 2 2 2 10 2 2 2 10 2 2 2 10 2 2 2 10 2 2 2 2 2 2 2 2 
2 2 2 2 2 2 2 2 2 2 2 2 2 2 2 2 2 2 2 2 2 2 2 2 2 2 2 2 2 2 2 2 
2 2 2 2 2 2 2 10 2 2 2 2 2 2 2 10 2 2 2 2 2 2 2 10 2 2 2 2 2 2 2 2 
2 2 2 2 2 2 2 2 2 2 2 2 2 2 2 2 2 2 2 2 2 2 2 2 2 2 2 2 2 2 2 2 
2 2 2 2 2 2 2 2 2 2 2 2 2 2 2 2 2 2 2 2 2 2 2 2 2 2 2 2 2 2 2 2 
2 2 2 2 2 2 2 2 2 2 2 2 2 2 2 2 2 2 2 2 2 2 2 2 2 2 2 2 2 2 2 2 
2 2 2 2 2 2 2 2 2 2 2 2 2 2 2 2 2 2 2 2 2 2 2 2 2 2 2 2 2 2 2 2 
2 2 2 2 2 2 2 2 2 2 2 2 2 2 2 2 2 2 2 2 2 2 2 2 2 2 2 2 2 2 2 2 
2 2 2 2 2 2 2 2 2 2 2 2 2 2 2 2 2 2 2 2 2 2 2 2 2 2 2 2 2 2 2 2 
