2 2 2 2 2 2 2 2 2 2 2 2 2 2 2 2 2 2 2 2 2 2 2 2 2 2 2 2 2 2 2 2 
2 2 2 2 2 2 2 2 2 2 2 2 2 2 2 2 2 2 2 2 2 2 2 2 2 2 2 2 2 2 2 2 
2 1 1 1 1 1 1 1 1 1 1 1 10 1 1 1 1 1 1 1 1 1 2 2 2 2 2 2 2 2 2 2 
2 2 2 2 2 2 2 2 2 1 2 1 1 1 1 2 2 2 2 2 2 2 2 2 2 2 2 2 2 2 2 2 
2 2 2 2 2 2 2 2 10 2 2 1 1 1 1 2 2 2 2 2 2 5 2 2 2 2 2 2 2 2 2 2 
2 10 2 10 2 10 11 10 2 10 12 10 2 1 1 1 1 10 2 10 1 1 1 10 12 10 2 10 2 2 2 2 
2 2 2 2 2 2 0 0 2 2 2 2 2 2 2 2 2 2 2 2 2 2 2 2 2 2 2 2 2 2 2 2 
0 0 2 10 2 2 2 10 2 2 2 2 2 2 2 2 2 10 2 2 2 2 2 2 2 2 2 2 2 2 2 2 
2 2 2 2 0 2 10 5 2 2 2 2 2 2 10 5 10 2 2 5 2 2 2 2 10 2 2 2 2 2 2 2 
2 2 2 2 12 10 12 1 12 2 12 2 2 6 5 1 1 1 1 1 12 2 12 2 12 1 1 1 2 2 2 2 
2 2 2 2 2 2 2 2 2 2 5 2 2 6 7 2 2 2 2 2 2 2 5 2 2 2 2 2 2 2 2 2 
0 0 2 0 11 2 2 2 12 6 7 2 2 8 9 2 2 2 2 2 2 2 2 2 2 2 2 2 2 2 2 2 
0 0 0 0 0 2 2 2 10 8 9 2 2 8 9 2 10 2 2 2 2 2 5 5 10 5 5 2 2 2 2 2 
2 2 2 2 2 2 2 10 0 0 0 0 0 0 0 0 0 0 0 0 2 2 0 0 0 0 0 0 2 2 2 2 
2 2 2 2 2 2 2 2 2 2 2 2 2 2 2 2 2 2 2 2 2 2 2 2 2 2 2 2 2 2 2 2 
2 2 2 2 2 2 2 2 2 2 2 2 2 2 2 2 2 2 2 2 2 2 2 2 2 2 2 2 2 2 2 2 
2 2 2 2 2 2 2 2 2 2 2 2 2 2 2 2 2 2 2 2 2 2 2 2 2 2 2 2 2 2 2 2 
2 2 2 2 2 2 2 2 2 2 2 2 2 2 2 2 2 2 2 2 2 2 2 2 2 2 2 2 2 2 2 2 
2 2 2 2 2 2 2 2 2 2 2 2 2 2 2 2 2 2 2 2 2 2 2 2 2 2 2 2 2 2 2 2 
2 2 2 2 2 2 2 2 2 2 2 2 2 2 2 2 2 2 2 2 2 2 2 2 2 2 2 2 2 2 2 2 
2 2 2 2 2 2 2 2 2 2 2 2 2 2 2 2 2 2 2 2 2 2 2 2 2 2 2 2 2 2 2 2 
2 2 2 2 2 2 2 2 2 2 2 2 2 2 2 2 2 2 2 2 2 2 2 2 2 2 2 2 2 2 2 2 
2 2 2 2 2 2 2 2 2 2 2 2 2 2 2 2 2 2 2 2 2 2 2 2 2 2 2 2 2 2 2 2 
2 2 2 2 2 2 2 2 2 2 2 2 2 2 2 2 2 2 2 2 2 2 2 2 2 2 2 2 2 2 2 2 
2 2 2 2 2 2 2 2 2 2 2 2 2 2 2 2 2 2 2 2 2 2 2 2 2 2 2 2 2 2 2 2 
2 2 2 2 2 2 2 2 2 2 2 2 2 2 2 2 2 2 2 2 2 2 2 2 2 2 2 2 2 2 2 2 
2 2 2 2 2 2 2 2 2 2 2 2 2 2 2 2 2 2 2 2 2 2 2 2 2 2 2 2 2 2 2 2 
2 2 2 2 2 2 2 2 2 2 2 2 2 2 2 2 2 2 2 2 2 2 2 2 2 2 2 2 2 2 2 2 
2 2 2 2 2 2 2 2 2 2 2 2 2 2 2 2 2 2 2 2 2 2 2 2 2 2 2 2 2 2 2 2 
2 2 2 2 2 2 2 2 2 2 2 2 2 2 2 2 2 2 2 2 2 2 2 2 2 2 2 2 2 2 2 2 
2 2 2 2 2 2 2 2 2 2 2 2 2 2 2 2 2 2 2 2 2 2 2 2 2 2 2 2 2 2 2 2 
2 2 2 2 2 2 2 2 2 2 2 2 2 2 2 2 2 2 2 2 2 2 2 2 2 2 2 2 2 2 2 2 
