22222222222222222222222222222222
22222222222222222222222222222222
22222222222222222222222222222222
22222222222222222222222222222222
22222222222222222222222222222222
22222222222222222222222222222222
22222222222222222222222222222222
22222222222222222222222222222222
22222222222222222222222222222222
22222222222222222222222222222222
22222222222222222222222222222222
22222222222222222222222222222222
22222222222222222222222222222222
22222222222222222222222222222222
22222222222222222222222222222222
22222222222222222222222222222222
22222222222222222222222222222222
22222222222222222222222222222222
22222222222222222222222222222222
22222222222222222222222222222222
22222222222222222222222222222222
22222222222222222222222222222222
22222222222222222222252222222222
22222222222222222222200000222222
22222222222222222222222222222222
22222222222222222222222222222222
22222222222222222222222222222200
22222222222222222220000000022222
22222222222222222222222222222222
22222222222222222222222222222222
22222222222220000222222222200022
00000000000222222222222222222222

