22222222222222222222222222222222
22222222222222222222222222222222
22222222222222222222222222222222
22222222222222222222222222222222
22222222222222222222222222222222
22222222222222222222222222222222
22222222222222222222222222222222
22222222222222222222222222222222
22222222222222222222222222222222
22222222222222222222222222222222
22222222222222222222222222222222
22222222222222222222222222222222
22222222222222222222222222222222
22222222222222222222222222222222
22222222222222222222222222222222
22222222222222222222222222222222
22222222222222222222222222222222
22222222222222222222222222222222
22222222222222222222222222222222
22222222222222222222222222222222
22222222222222222222222222222222
22222222222222222222222222222222
22222222222222222222222222222222
22222222222222222222311222222222
22222222222222222222222222222222
22222222222222222222222222222222
22222222222222222222222222222222
22222222222222222222222222222222
22222222222222222522222222222222
22222222222222222222222222222222
22222222222222222222222222222222
00000000000000000000000000000000

