22222222222222222222222222222222
22222222222222222222222222222222
22222222222222222222222222222222
22222222222222222222222222222222
22222222222222222222222222222222
22222222222222222222222222222222
22222222222222222222222222222222
22222222222222222222222222222222
22222222222222222222222222222222
22222222222222222222222222222222
22222222222222222222222222222222
22222222222222222222222222222222
22222222222222222222222222222222
22222222222222222222222222222222
22222222222222222222222222222222
22222222222222222222222222222222
22222222222222222222222222222222
22222222222222222222222222222222
22222222222222222222222222222222
22222222222222222222222222222222
22222222222222222222222222222222
22225225222222222222222222222222
22200000002222222222222222222222
22222222222222222222222000022222
22222222222222222222222222222222
22222222222222222222222222222222
00022222222222222222222222222222
22222222222222222222222222222222
22222222222222222200023222222222
22222222222222222222222222222222
22222222222222222222222222222222
22222222222220000222220000020000

