22222222222222222222222222222222
22222222222222222222222222222222
22222222222222222222222222222222
22222222222222222222222222222222
22222222222222222222222222222222
22222222222222222222222222222222
22222222222222222222222222222222
22222222222222222222222222222222
22222222222222222222222222222222
22222222222222222222222222222222
22222222222222222222222222222222
22222222222222222222222222222222
22222222222222222222222222222222
22222222222222222222222222222222
22222222222222222222222222222222
22222222222222222222222222222222
22222222222222222222222222222222
22222222222222222222222222222222
22222222222222222222222222222222
22222222222222222222222222222222
22222222222222222222222222222222
22222222222222222222222222222222
22222222222222222222222222222222
22222222222222222222222222222222
22222222222222222222222222222222
22222222222222222222222222222222
22222222222222222222222222222522
22222222222222222222222222226722
22222222222222222222222222228922
22222222222222222222222222228922
22222222222222525522222225228922
00000000000000000000000000000000

